-5.76996e-22
-1.00579e-19
0
0.409711
0.138986
1.63959
1.15994
0.0195694
-0.0920251
1.86449
-0.0452538
-0.112411
2.5627
-0.135814
-0.190949
3.27552
-0.244414
-0.188053
3.94872
-0.276239
-0.0789197
4.6317
-0.341178
0.0117755
5.33195
-0.300432
0.04204
5.99563
-0.281743
0.016489
6.64877
-0.272297
-0.022589
7.31688
-0.259278
0.0106096
7.96509
-0.296594
-0.0445486
8.58702
-0.287264
-0.0100671
9.04744
-0.824352
-0.787571
9.52563
-1.29154
-0.766946
10.0385
-1.73008
-0.75412
10.5539
-2.18444
-0.717446
11.0591
-2.66196
-0.710973
11.3625
-3.17233
-1.20136
11.6185
-3.75333
-1.18644
11.8642
-4.35524
-1.21429
12.1314
-5.01221
-1.26555
12.3256
-5.62359
-1.2963
12.4904
-6.27559
-1.35635
12.6377
-7.00262
-1.37296
12.788
-7.67809
-1.43406
12.8715
-8.32272
-1.42788
12.9587
-8.99465
-1.5108
12.9867
-9.66279
-1.51626
12.9902
-10.2075
-1.6035
12.9545
-10.8578
-1.60653
12.938
-11.5165
-1.68091
12.8623
-12.3209
-1.69722
12.7735
-13.0082
-1.64614
12.7205
-13.6559
-1.6817
12.6713
-14.329
-1.6792
12.5702
-14.9908
-1.7111
12.4972
-15.6119
-1.70757
12.3968
-16.2512
-1.6682
12.3431
-16.8666
-1.68626
12.2719
-17.5325
-1.7013
12.1654
-18.2396
-1.73354
12.1303
-18.8259
-1.75583
11.3806
-18.805
-2.997
10.702
-18.8634
-3.10869
10.0632
-18.8823
-3.12775
9.37242
-18.8737
3.0879
8.72268
-18.7926
3.08806
8.07037
-18.7374
3.014
7.38357
-18.6307
3.02086
6.61699
-18.4605
2.92993
6.03515
-18.3021
2.91286
5.26421
-18.3808
-3.02239
4.60017
-18.4545
-2.98494
3.91887
-18.5336
3.14052
3.30143
-18.5218
3.08088
2.57152
-18.4836
3.13481
1.90649
-18.5024
-3.1053
1.21023
-18.5275
-3.11792
0.578108
-18.5379
3.06835
-0.1066
-18.4774
3.10245
-0.693614
-18.4249
3.04423
-1.36634
-18.4155
-3.11385
-2.00674
-18.3879
3.0551
-2.68972
-18.3444
3.1329
-3.36623
-18.3249
3.11305
-4.02132
-18.3098
-3.12455
-4.71998
-18.2895
3.12348
-5.36191
-18.2761
-3.12246
-5.51779
-17.6824
1.66855
-5.58893
-17.0395
1.7379
-5.70139
-16.3588
1.76489
-5.83634
-15.6544
1.83755
-6.089
-14.956
1.85976
-6.25631
-14.1702
1.57201
-6.30822
-13.4948
1.63422
-6.34752
-12.8518
1.7516
-6.44616
-12.3513
1.77273
-6.39493
-11.7807
1.33749
-6.24306
-11.1309
1.40037
-6.19365
-10.3971
1.54296
-6.14356
-9.72642
1.60939
-6.14641
-9.07567
1.55975
-6.14801
-8.35797
1.63361
-6.17622
-7.70654
1.69182
-6.25505
-7.02046
1.64725
-6.22054
-6.45544
1.62301
-6.26955
-5.76077
1.57566
-6.24616
-5.13364
1.54793
-6.24603
-4.44113
1.54216
-6.21061
-3.77217
1.5489
-6.20936
-3.12072
1.65188
-6.28691
-2.43502
1.72183
-6.31101
-1.77282
1.67633
-6.38871
-1.12496
1.68723
-6.35171
-0.43388
1.55896
-6.32464
0.127295
1.57911
-5.76897
0.055636
0.0188216
-5.1068
0.0673526
0.0606853
-4.3927
0.126669
0.0375801
-3.73133
0.155993
0.100324
-3.0447
0.19931
0.0777964
-2.35076
0.276057
0.0880505
-1.68146
0.299506
0.0825773
-1.01382
0.372042
0.123222
-0.472963
0.440327
0.0730491
-0.403498
0.508186
1.03203
-0.342463
0.554785
1.55901
-0.391851
0.551058
2.10522
-0.443492
0.501685
2.64009
-0.44684
0.456108
-3.07342
-0.43482
0.410473
-2.53626
-0.429075
0.418544
-1.97524
-0.333622
0.421396
-1.43273
-0.328831
0.460401
-0.894583
-0.416733
0.469129
-0.333206
0.387304
0.566248
0.0285375
1.15847
0.578406
0.0530194
1.82213
0.568031
-0.00443771
2.4638
0.600107
0.0178834
3.17021
0.567865
-0.0464048
3.8629
0.541377
-0.0199233
4.5377
0.529629
-0.0468703
5.1729
0.495109
-0.0227095
5.82701
0.500064
-0.0490867
6.50281
0.479417
-0.0174608
7.20228
0.456875
-0.0827757
7.87482
0.413709
-0.0556374
8.52274
0.0782594
-0.530297
9.02245
-0.28017
-0.724338
9.5179
-0.712112
-0.786855
9.9117
-1.22429
-0.945942
10.2884
-1.82535
-1.05775
10.6083
-2.38304
-1.07912
10.9077
-2.95066
-1.07163
11.2292
-3.57927
-1.11329
11.5024
-4.198
-1.1554
11.8093
-4.75171
-1.18619
12.078
-5.38427
-1.21353
12.2958
-5.98946
-1.26185
12.4753
-6.59139
-1.29132
12.6502
-7.25724
-1.31985
12.8142
-7.8892
-1.37448
12.9476
-8.54917
-1.39423
13.0331
-9.21873
-1.50609
13.0737
-9.8419
-1.50399
13.0969
-10.5639
-1.58522
13.1054
-11.1704
-1.57458
13.1292
-11.8462
-1.62124
13.0745
-12.529
-1.72321
12.9611
-13.127
-1.74981
12.8644
-13.8116
-1.75443
12.7593
-14.3705
-1.73235
12.6549
-15.036
-1.74698
12.5373
-15.7399
-1.71871
12.4643
-16.3819
-1.69838
12.3543
-17.0224
-1.76294
12.2092
-17.6677
-1.78502
12.0677
-18.34
-1.79275
11.9548
-18.8679
-1.83883
11.2281
-18.7718
-3.09998
10.5622
-18.7719
3.12993
9.91147
-18.7824
-3.08925
9.22582
-18.8046
-3.0677
8.58066
-18.8783
-3.02601
7.91572
-18.9418
-3.0398
7.24153
-18.974
-3.06991
6.55168
-19.0556
-2.91974
5.92802
-19.0594
3.01464
5.32854
-19.0133
3.13771
4.86452
-18.8666
2.77403
4.22493
-18.6445
2.88024
3.54719
-18.5
2.84256
3.02298
-18.4887
-3.03268
2.49487
-18.5862
-2.95018
2.02663
-18.6492
-2.90462
1.34661
-18.7831
-3.03642
0.7329
-18.7813
3.0366
0.0820346
-18.6952
3.07066
-0.526982
-18.7079
-3.13213
-1.17975
-18.7187
-3.1013
-1.85629
-18.7471
-3.03682
-2.50913
-18.7998
3.13873
-3.19037
-18.7717
3.07953
-3.86764
-18.7794
-3.05289
-4.25331
-18.6346
2.43243
-4.72594
-18.1453
2.37788
-5.15492
-17.72
2.35669
-5.59154
-17.2681
2.3197
-5.69435
-16.7819
1.79178
-5.84409
-16.1101
1.8757
-6.0798
-15.4813
1.93548
-6.28043
-15.0011
1.92763
-6.25226
-14.3269
1.62878
-6.28968
-13.6437
1.65537
-6.35908
-13.0971
1.75447
-6.45419
-12.5201
1.66663
-6.49969
-11.8933
1.64297
-6.47204
-11.0952
1.44317
-6.37009
-10.4406
1.52068
-6.3539
-9.75532
1.61456
-6.33245
-9.07384
1.51242
-6.33261
-8.38825
1.58767
-6.41281
-7.73302
1.79305
-6.5639
-7.05101
1.80321
-6.60438
-6.43863
1.64755
-6.67728
-5.77787
1.76579
-6.74599
-5.15589
1.5862
-6.77856
-4.46771
1.66839
-6.76904
-3.78195
1.58156
-6.79835
-3.12134
1.57439
-6.71748
-2.43418
1.50641
-6.69462
-1.77022
1.56567
-6.63503
-1.085
1.54863
-6.63116
-0.436494
1.60291
-6.64646
0.220878
1.63915
-5.97399
0.293937
0.0980397
-5.28229
0.367557
0.101441
-4.59401
0.408801
0.0418253
-3.89249
0.421061
0.0378317
-3.25319
0.415696
-0.0546245
-2.56746
0.316662
-0.124297
-1.87315
0.23257
-0.119127
-1.18977
0.192858
-0.134638
-0.550596
0.0645509
-0.0515494
-0.0706374
0.0567549
-0.00481841
0.630699
0.0301736
-0.0829088
1.15293
0.0111841
-0.0924959
1.61627
0.0405002
0.0884312
2.39107
0.148179
0.100762
3.04834
0.174181
0.0586595
3.63448
0.215963
-0.00833875
4.28242
0.254588
0.0971906
4.94879
0.308297
0.0402145
5.01708
0.387279
1.47364
4.90542
0.993002
1.7757
4.78657
1.64716
1.7787
4.638
2.32696
1.82015
4.50763
3.00153
1.84784
4.28877
3.62053
1.94777
4.1246
3.84545
3.04081
4.11827
3.79843
-2.69386
4.15844
3.74401
-2.16397
4.20566
3.73925
-1.62356
4.25489
3.7392
-1.06821
4.31835
3.77863
-0.524424
4.33546
3.82697
-0.0268768
4.33476
3.20952
-1.45927
4.39891
2.57153
-1.51679
4.42303
1.92591
-1.5339
4.44613
1.23752
-1.54096
4.44726
0.564998
-1.56619
4.5341
0.552344
-0.563064
4.53078
0.588053
-0.0434516
4.56566
0.611475
0.508778
4.56998
0.640866
1.08022
4.49318
0.647695
1.61737
4.44798
0.637476
2.1954
4.4937
0.603642
2.72267
4.43237
0.548757
-3.01551
4.46699
0.49925
-2.45174
4.50314
0.49084
-1.92159
4.54084
0.480774
-1.36047
4.54006
0.507107
-0.842729
4.84865
0.477288
-0.315042
5.51503
0.342679
-0.210096
6.1842
0.188762
-0.287824
6.774
0.0346492
-0.26197
6.75672
-0.634156
-1.47846
6.81505
-1.25292
-1.52616
6.88671
-1.9921
-1.5636
6.85128
-2.06295
1.68509
7.0252
-2.09037
0.407732
6.93712
-2.03786
0.969336
7.00794
-1.50567
1.3621
6.97641
-1.46026
1.94121
6.80042
-0.965606
1.60259
7.22595
-0.44071
0.933067
7.62927
0.125689
0.897458
8.25017
-0.234992
-0.512467
8.80991
-0.579317
-0.548834
9.40083
-0.924886
-0.580848
9.62112
-0.983391
0.333864
10.0741
-0.544483
0.800149
10.5335
-0.0081641
0.903458
10.9302
0.512052
1.02407
10.9223
0.68511
2.03737
10.8655
0.640888
3.06863
10.9093
0.538927
-2.19874
10.9483
0.526344
-1.69037
11.0013
0.524233
-1.12351
11.3188
0.41771
-0.560874
11.8746
0.0683947
-0.514121
12.4676
-0.244195
-0.593102
12.7206
-0.438425
0.136875
12.6706
-0.384209
0.652378
12.6189
-0.37695
1.21349
12.5689
-0.353836
1.77797
12.5615
-0.381659
2.31788
12.4988
-0.427391
2.87209
12.5406
-0.46332
-2.85269
12.383
-0.851883
-2.24475
11.9783
-1.38208
-2.30413
11.4126
-1.73976
-2.58545
10.8739
-2.09508
-2.61523
10.4027
-2.37045
-2.68987
10.449
-2.39102
-1.64806
10.4987
-2.3617
-1.14327
10.7815
-2.90122
-1.08232
11.0598
-3.47481
-1.19534
10.4309
-3.74012
-2.63495
9.85826
-4.00228
-2.70974
9.28417
-4.31842
-2.63782
8.68746
-4.66018
-2.5657
8.06515
-4.64053
-3.10705
7.97578
-4.67216
-2.55017
8.09826
-4.70121
-2.03856
8.14848
-4.6949
-1.26229
8.15292
-4.64895
-0.70805
8.15964
-4.60044
-0.173161
8.79883
-4.58356
-0.0189724
9.50218
-4.60273
-0.0481133
9.77122
-4.91792
-1.5566
9.77995
-5.59824
-1.52491
9.77046
-6.24832
-1.59135
9.77663
-6.89257
-1.53002
9.77948
-7.47684
-1.57728
9.90849
-6.96658
1.44506
9.97477
-6.31583
1.5294
9.98586
-5.60924
1.56647
9.96867
-4.92396
1.64412
10.5504
-4.87168
0.189617
11.1613
-4.74942
0.163208
11.879
-4.67774
0.065712
11.8639
-5.26038
-1.47623
11.8887
-5.89749
-1.5642
11.9538
-6.3232
-0.590304
12.5901
-6.31077
-0.0644574
13.2071
-6.38679
-0.124506
13.85
-6.49613
-0.176105
14.4915
-6.63628
-0.208249
15.1735
-6.83073
-0.273496
15.6549
-6.97575
-0.254634
15.2349
-6.90226
2.9993
14.5499
-6.8351
2.99974
13.9145
-6.68218
3.01296
13.2234
-6.57687
3.04162
12.5833
-6.52772
3.08776
12.2568
-6.59747
-2.24145
12.3043
-6.64728
-1.74327
12.35
-7.19865
-1.56744
12.3336
-7.91079
-1.61842
12.3782
-8.54568
-1.5403
12.3815
-9.21752
-1.4203
12.4367
-9.8725
-1.51841
12.4464
-10.5536
-1.62621
12.4487
-11.2662
-1.39745
12.6281
-11.8572
-1.32755
12.7609
-12.4695
-1.40572
12.8503
-13.162
-1.46117
12.9572
-13.3268
-0.398781
13.5462
-13.2405
-0.000108897
14.2512
-13.3187
-0.16764
14.9394
-13.4689
-0.214592
15.575
-13.5724
-0.257234
15.9661
-13.5923
1.20786
15.8233
-13.6316
2.78086
15.2044
-13.5259
2.94738
14.5742
-13.3882
3.00989
13.9093
-13.3583
3.03922
13.2526
-13.2849
3.07968
12.6171
-13.2243
3.0204
12.6091
-13.2543
-2.7293
12.6699
-13.31
-2.20072
12.7129
-13.3446
-1.64791
12.7011
-13.9291
-1.59606
12.6872
-14.611
-1.63412
12.667
-15.2182
-1.65991
12.5934
-15.8189
-1.67429
12.5174
-16.4473
-1.71214
12.4018
-17.111
-1.81217
12.2653
-17.7547
-1.81865
12.0619
-18.3918
-1.85383
11.869
-19.0168
-1.92417
11.9027
-19.1567
-0.879939
11.9237
-19.1074
-0.370448
12.4943
-19.14
-0.123779
13.1422
-19.2523
-0.160871
13.7993
-19.3803
-0.19945
14.4727
-19.5474
-0.307338
15.0902
-19.7362
-0.132221
15.7911
-19.7943
-0.0730945
15.9843
-19.7113
0.714812
15.9419
-19.6974
1.24908
15.8964
-19.688
1.82995
15.8758
-19.7467
2.35811
15.8757
-19.799
2.93879
15.8592
-19.8503
-2.82769
15.9076
-19.9084
-2.31559
15.9503
-19.9247
-1.74723
16.0091
-19.9448
-1.24908
15.3631
-19.6715
2.8226
14.7574
-19.4091
2.84978
14.0753
-19.2421
2.98075
13.4257
-19.1027
2.98828
12.7635
-19.0184
3.06007
12.1836
-19.0431
3.09899
11.5233
-19.0211
3.13431
10.8395
-18.9699
3.08429
10.8436
-19.0553
-2.18768
10.8885
-19.0877
-1.65371
10.9003
-19.7166
-1.53392
10.9216
-20.3741
-1.56361
10.9213
-21.0668
-1.58424
10.9754
-21.2586
-0.329708
10.9921
-21.2096
0.197508
11.0003
-21.1084
0.753952
10.951
-21.1026
1.33816
10.9022
-21.0958
1.86011
10.6721
-20.505
1.92757
10.4075
-19.8975
1.9989
10.1648
-19.2661
2.03818
9.86983
-18.652
2.08865
9.78587
-18.5675
2.71781
9.16039
-18.5199
3.06779
8.50463
-18.4743
-3.07739
7.83654
-18.5072
-3.11327
7.1832
-18.5289
-3.01436
6.53376
-18.6077
-3.00123
5.86676
-18.7442
-2.92863
5.22107
-18.8633
-2.93709
4.71604
-18.9713
-2.83474
4.79648
-19.0426
-1.76024
4.77154
-19.6414
-1.536
4.7872
-20.2412
-1.58545
4.76929
-20.907
-1.60849
4.72605
-21.5458
-1.70484
4.81284
-21.6538
-0.935019
4.88071
-21.6117
-0.378373
4.89767
-21.5637
0.120287
4.86892
-21.5069
0.681574
4.82433
-21.5024
1.21294
4.7689
-21.4506
1.73999
4.61145
-20.7604
1.63204
4.55484
-20.0742
1.69917
4.42284
-19.4699
1.78636
4.35865
-18.84
1.70761
4.25119
-18.5557
2.81039
3.60212
-18.5197
2.95327
3.25676
-18.5167
-2.28937
3.31243
-18.5527
-1.75464
3.3629
-19.1582
-1.53015
3.36045
-19.853
-1.79023
3.20748
-20.4761
-1.7929
3.06684
-21.1012
-1.78731
2.93426
-21.7284
-1.80517
2.95058
-21.7273
-1.89205
3.14251
-20.864
1.54709
3.19268
-20.1719
1.47876
3.22837
-19.5255
1.54235
3.22705
-18.876
1.60314
3.15401
-18.5288
2.64209
3.08041
-18.5615
-2.9916
2.41547
-18.6531
-2.97427
1.72754
-18.7269
-3.07676
1.08506
-18.7664
3.13159
0.576939
-18.728
3.05588
-0.0740556
-18.6589
3.10175
-0.756407
-18.6198
3.0553
-1.42127
-18.5793
3.06744
-2.07802
-18.4825
3.00846
-2.65543
-18.4001
2.92231
-2.62271
-18.4798
-2.35798
-2.59198
-18.5243
-1.79668
-2.58748
-19.1874
-1.38839
-2.39659
-19.8705
-1.13429
-2.03775
-20.4154
-0.977926
-1.84412
-21.076
-1.48497
-1.83703
-21.7065
-1.32689
-1.78838
-21.6616
-0.794655
-1.77359
-21.6169
-0.242912
-1.76456
-21.5711
0.285798
-1.807
-21.5138
0.866349
-1.84315
-21.497
1.37469
-1.97869
-20.8902
1.72951
-2.07197
-20.2568
1.70774
-2.25149
-19.6421
1.98879
-2.52368
-19.0258
2.00396
-2.7336
-18.5248
1.93034
-2.79049
-18.5743
2.42519
-2.79734
-18.5885
2.98199
-3.39378
-18.6498
-3.09711
-4.06859
-18.7543
-2.96821
-4.13597
-18.8006
-2.17663
-4.09059
-18.8127
-1.64739
-4.09638
-19.4048
-1.5407
-4.06725
-19.999
-1.54389
-4.04422
-20.6725
-1.53822
-4.01517
-21.3197
-1.59668
-4.04413
-22.0211
-1.60507
-3.95764
-21.2859
-1.7973
-3.87881
-20.507
1.66309
-3.99381
-19.8811
2.03128
-4.26788
-19.3234
2.0081
-4.56142
-18.737
2.06645
-4.69341
-18.6484
-3.10239
-4.92351
-18.8029
-2.57758
-5.47617
-19.0624
-2.74607
-6.0647
-19.2775
-2.76321
-6.70235
-19.4768
-2.73367
-7.2287
-19.7355
-2.69811
-7.81851
-19.9949
-2.65057
-7.98765
-20.1365
-2.17476
-7.88543
-20.142
-1.65623
-7.83056
-20.1416
-1.11226
-7.77966
-20.0949
-0.597459
-7.77146
-20.0458
-0.0616105
-7.81116
-19.9903
0.469115
-7.84308
-19.9315
1.03159
-7.88987
-19.9269
1.56574
-7.31582
-19.6107
0.601871
-6.76162
-19.1769
0.710513
-6.26719
-18.778
0.813228
-5.78815
-18.3657
0.64085
-5.28983
-18.0076
0.665994
-4.78081
-17.5772
0.735346
-4.27866
-17.0833
0.776801
-3.83804
-16.7183
0.504053
-4.63224
-16.8594
-3.00017
-5.24932
-16.8248
-3.13155
-5.90852
-16.8828
-3.06041
-6.57079
-16.8527
3.12622
-7.21866
-16.8239
3.08085
-7.99029
-16.7209
3.12359
-8.63837
-16.7163
3.09444
-9.27938
-16.7038
-3.109
-9.4747
-16.7605
-2.62211
-9.43056
-16.7748
-2.05595
-9.38162
-16.7905
-1.47592
-9.32965
-16.754
-0.957634
-9.24602
-16.664
0.0283428
-8.64569
-16.6066
0.175902
-7.95261
-16.5015
0.111647
-7.26635
-16.3952
0.183353
-6.59591
-16.2468
0.247107
-5.94853
-16.1103
0.243129
-5.81103
-15.9888
1.31172
-5.97963
-15.4067
1.74025
-6.10506
-14.9131
2.31407
-6.09935
-14.9617
2.88318
-6.67321
-14.9405
3.08582
-7.32469
-14.8164
3.12154
-7.37689
-14.7261
0.100968
-6.73529
-14.7482
-0.0356294
-6.06359
-14.8061
-0.126458
-5.84874
-14.8175
0.375391
-5.87495
-14.7961
0.940191
-5.91685
-14.8715
1.43921
-6.04972
-14.3105
1.71646
-6.14503
-13.712
1.75414
-6.22394
-13.0765
1.63703
-6.25344
-12.4728
1.73375
-6.28506
-11.7717
1.58408
-6.30959
-11.1115
1.69057
-6.41123
-10.4961
1.68273
-6.45708
-9.79434
1.73542
-6.5914
-9.43174
2.81508
-7.19912
-9.50615
-3.02799
-7.53445
-9.59151
-2.01035
-7.50412
-9.57594
-1.4962
-7.46168
-9.54314
-0.962541
-7.41553
-9.50348
-0.447188
-7.42527
-9.51459
0.116155
-6.80662
-9.31247
0.296691
-6.16563
-9.15554
0.254709
-6.3153
-8.51425
1.73509
-6.39825
-8.01199
1.91871
-6.45786
-8.04589
2.49691
-6.49402
-8.0853
3.01748
-7.08668
-8.11098
-3.07185
-7.74705
-8.18612
-3.07227
-8.3981
-8.23583
-3.03858
-8.79722
-7.89652
2.14496
-9.15585
-7.36067
2.11028
-8.6629
-7.65225
-0.621495
-8.1082
-8.04494
-0.5194
-7.64603
-8.01974
0.143745
-6.94946
-7.90749
0.179136
-6.80928
-7.83398
1.16786
-6.75263
-7.1771
1.49676
-6.72938
-6.51346
1.58137
-6.74019
-5.82388
1.63689
-6.78662
-5.15498
1.75836
-6.93908
-4.49408
1.81496
-6.98483
-3.7993
1.65584
-7.03781
-3.15689
1.73663
-7.16542
-2.47064
1.79763
-7.329
-1.87183
1.84503
-7.39621
-1.91242
2.39186
-7.41037
-1.96039
2.96949
-8.00928
-2.04866
-3.13678
-8.70371
-1.9942
3.07248
-9.15212
-2.05247
-2.50736
-9.1039
-2.06252
-1.99323
-9.05451
-2.08064
-1.47639
-9.00371
-2.08282
-0.951869
-8.95719
-1.98689
0.0714107
-8.99202
-1.93136
0.63715
-8.37839
-2.06757
-0.150444
-7.69757
-2.11212
-0.103305
-7.05667
-2.13941
-0.102036
-7.01168
-2.082
0.915786
-7.09259
-2.05685
1.42106
-7.06415
-1.49779
1.47338
-6.96398
-0.796671
1.50621
-6.95576
-0.147458
1.59794
-6.97271
0.532163
1.61832
-7.00979
1.1791
1.61051
-7.03536
1.84557
1.6027
-7.03804
2.49028
1.55115
-7.02464
3.1573
1.56808
-7.07864
3.54168
2.53539
-7.09338
3.49659
3.06021
-7.1128
3.4474
-2.67714
-7.08258
3.4358
-2.11737
-6.98759
3.42426
-1.5847
-6.93679
3.40693
-1.03185
-6.87146
3.39325
-0.48261
-6.85876
3.44371
0.0305548
-6.9131
2.88247
-1.59206
-6.93047
2.27029
-1.55785
-6.94027
1.57343
-1.59907
-6.96478
0.882551
-1.58604
-6.99518
0.233911
-1.63277
-6.95651
-0.0472142
-0.579691
-6.89247
0.00848218
-0.0626221
-6.32936
0.0580592
-0.00113993
-5.61167
0.114408
0.00224482
-4.92416
0.154496
0.0286561
-4.29586
0.133471
-0.00827897
-3.67521
0.116079
0.0261295
-2.97739
0.088903
-0.0328253
-2.31813
0.0646919
-0.03744
-1.66029
0.00612922
-0.0764629
-1.19933
0.0602081
0.888503
-1.25555
0.0961977
1.42227
-1.29679
0.725126
1.6126
-1.33665
1.40512
1.58847
-1.33341
2.07276
1.60784
-1.38071
2.70731
1.63505
-1.42472
3.29098
1.67823
-1.49402
3.27927
2.76379
-1.50898
3.23121
-2.97959
-1.47267
3.16676
-1.91651
-1.42203
3.16214
-1.34345
-1.32267
3.20973
-0.861338
-1.25664
3.24977
-0.294319
-1.39448
2.66653
-1.63514
-1.4587
2.04224
-1.72785
-1.24719
1.24711
-1.29157
-1.05938
0.558533
-1.53504
-1.11837
-0.107413
-1.77464
-1.27006
-0.719411
-1.86982
-1.24044
-0.731795
-1.34558
-1.21003
-0.682767
-0.299502
-1.16833
-0.640297
0.247784
-1.34002
-0.571429
0.761106
-1.38517
-0.544354
1.2932
-1.35998
-0.528848
1.83364
-1.37521
-0.571184
2.33706
-1.91342
-0.405967
2.80294
-2.4951
-0.164118
2.71177
-3.10736
0.134251
2.76964
-3.79424
0.220759
3.07535
-4.43692
0.126528
-2.83228
-4.53625
0.0184391
-2.0463
-4.86355
-0.575902
-2.08924
-5.17485
-1.18525
-2.09517
-5.45431
-1.6052
-2.13694
-5.82318
-2.17171
-2.16962
-6.19527
-2.70051
-2.17068
-6.53249
-3.22798
-2.19418
-6.42565
-3.83673
-1.44302
-6.32176
-4.51353
-1.36076
-6.17276
-5.17017
-1.38638
-6.0233
-5.81055
-1.35776
-5.98951
-6.46446
-1.7596
-6.08418
-7.06389
-1.67671
-6.14058
-7.67882
-1.66966
-6.20396
-8.28243
-1.67716
-6.29652
-8.91206
-1.69996
-6.065
-9.63685
-1.28782
-6.03413
-10.2879
-1.52976
-6.00936
-10.9679
-1.55657
-5.98082
-11.5951
-1.58808
-6.00231
-12.2293
-1.64643
-6.07899
-12.8836
-1.66722
-6.20276
-13.4704
-1.68115
-6.04267
-14.0281
-1.20287
-5.80298
-14.5639
-1.20493
-5.57587
-15.1946
-1.22717
-5.34609
-15.8006
-1.22897
-5.13373
-16.3823
-1.28193
-4.97878
-17.0047
-1.37611
-4.8959
-17.653
-1.42372
-4.81353
-18.2821
-1.48123
-4.68064
-18.5978
0.0300836
-4.08399
-18.5019
0.169569
-3.43372
-18.4981
-0.00120736
-2.7499
-18.4742
0.008034
-2.1071
-18.5029
-0.0662946
-1.42516
-18.6123
-0.074606
-0.769475
-18.6791
-0.0752674
-0.0876334
-18.6563
-0.0362984
0.578006
-18.7106
-0.0833967
1.10705
-18.6161
0.254424
1.68533
-18.5001
0.283861
2.30335
-18.3921
0.126987
2.97199
-18.3511
-0.102688
3.99389
-18.497
-0.154671
4.31672
-18.4982
0.043261
4.97342
-18.4333
0.0967768
5.66051
-18.4081
-0.0177567
6.31988
-18.4587
-0.0745775
7.00259
-18.5046
-0.122486
7.65581
-18.6219
-0.175263
8.28998
-18.7397
-0.247773
8.90826
-18.8564
-0.164938
9.55191
-18.9868
-0.187579
10.2235
-19.0505
-0.139685
10.9083
-19.0471
0.0673351
11.5888
-19.0035
-0.00589928
12.242
-19.0051
-0.0244549
12.3646
-18.9234
1.4621
12.3174
-18.6097
1.71347
12.2105
-18.0631
1.74673
12.2637
-17.3764
1.46215
12.3624
-16.7287
1.5324
12.422
-16.0817
1.54894
12.4302
-15.3826
1.51748
12.4984
-14.7029
1.55918
12.5342
-14.0106
1.55483
12.5329
-13.3487
1.59488
12.5213
-12.6612
1.59954
12.5087
-12.325
1.63161
12.4872
-11.7802
1.63862
12.4587
-11.1082
1.68347
12.3948
-10.4463
1.70349
12.2756
-9.79192
1.77333
12.1582
-9.12891
1.74241
12.0785
-8.45106
1.74583
11.9668
-7.79558
1.76672
11.8741
-7.16393
1.76341
11.7354
-6.48621
1.77746
11.6163
-5.83454
1.75788
11.4949
-5.19432
1.77214
11.3926
-4.57379
1.78492
11.2763
-3.93601
1.83821
11.1159
-3.33843
1.79786
10.9982
-2.67593
1.81195
10.3683
-2.35322
2.65856
9.83925
-1.94283
2.37425
9.37945
-1.49109
2.46007
8.93269
-1.01703
2.29359
8.47063
-0.525671
2.35993
7.9986
-0.0643863
2.45511
7.52221
0.289036
2.53533
7.09544
0.51045
3.12471
6.1166
0.441428
-3.01117
5.7839
0.445497
-3.08619
5.1272
0.418675
-3.05539
4.51584
0.354358
-2.93861
3.82916
0.322318
-3.07941
3.03288
0.244411
-3.05012
2.3857
0.167386
-2.98634
1.80658
0.0884713
-3.11262
1.13553
0.0801287
-2.99789
0.536771
0.00976526
-3.06908
-0.18645
-0.0578517
-3.06754
-0.691792
-0.0831301
-3.03463
-1.31569
-0.159611
-2.93269
-1.82057
-0.261078
-2.95174
-1.71881
-0.306194
-1.91111
-1.62141
-0.896695
-1.5271
-1.60951
-1.5408
-1.56633
-1.61429
-2.18166
-1.57517
-1.57844
-2.88648
-1.61305
-1.59823
-3.56111
-1.67892
-2.35087
-3.53586
-3.09466
-3.05838
-3.54028
3.10799
-3.39318
-3.58058
-2.61426
-3.34969
-3.67051
-2.06326
-3.31323
-3.72251
-1.47143
-3.26319
-3.72919
-0.934778
-3.21042
-3.71737
-0.439975
-3.19944
-3.68036
0.128022
-3.24844
-3.62304
0.684611
-3.28595
-3.5606
1.21737
-2.76774
-3.64694
0.0589994
-2.06651
-3.5981
0.0862419
-1.4159
-3.56184
0.142653
-0.741978
-3.50237
0.0770136
-0.0738227
-3.43862
0.0697041
-0.0241054
-3.36412
1.06465
-0.0717467
-3.35112
1.56488
-0.117071
-3.35584
2.09522
-0.168512
-3.39381
2.61171
-0.16416
-3.4395
-3.11058
-0.114756
-3.47876
-2.56445
-0.0142487
-3.53569
-2.0597
-0.011635
-4.18341
-1.65703
-0.130272
-4.83109
-1.63815
-0.466304
-5.03643
-3.13754
-1.06236
-5.08116
-3.03408
-1.64333
-5.11937
-3.09474
-1.57906
-5.17718
-2.05508
-2.11001
-5.57079
-2.5023
-2.78179
-5.73943
-3.07948
-3.4603
-5.72657
-3.06062
-3.60869
-5.79714
-2.51059
-3.63972
-6.3951
-1.84633
-3.79433
-6.96466
-1.77692
-4.26559
-7.40482
-2.30508
-4.27174
-7.5
-1.81404
-4.22237
-7.49752
-1.31869
-4.1624
-7.44849
-0.772624
-4.14036
-7.39727
-0.251938
-4.16178
-7.32933
0.289022
-4.18249
-7.25408
0.810623
-3.89323
-6.68335
1.07853
-3.57738
-6.10969
1.09476
-3.32159
-5.63591
1.04191
-2.64995
-5.62807
0.158652
-1.94934
-5.50526
0.148824
-1.59016
-5.81717
-1.64747
-1.6747
-6.50122
-1.69743
-1.75016
-7.11716
-1.81616
-1.71175
-7.85209
-1.61464
-1.74845
-8.53445
-1.65749
-1.83176
-9.19982
-1.66469
-1.74377
-9.82792
-1.39247
-1.68831
-10.5079
-1.53251
-1.69112
-11.1765
-1.57765
-1.7974
-11.8431
-1.68676
-1.75746
-12.4995
-1.35158
-1.64099
-13.1258
-1.45016
-1.5946
-13.7754
-1.4352
-1.51157
-14.4145
-1.4463
-1.43636
-14.9834
-1.44148
-2.06473
-15.2234
-2.64475
-2.84048
-15.1463
3.05813
-3.4751
-15.154
3.13424
-4.02042
-15.1403
-3.13273
-3.93985
-15.2687
-2.12539
-3.89324
-15.234
-1.5622
-3.84441
-15.2467
-1.02177
-3.81335
-15.2082
-0.475171
-3.79647
-15.1141
0.0462221
-3.20692
-15.0199
0.142782
-2.47905
-15.0664
-0.272656
-1.83687
-15.2602
-0.321625
-1.27425
-15.4504
-0.35753
-1.32579
-16.0308
-1.74562
-1.38737
-16.6846
-1.73122
-1.79335
-16.8953
3.07477
-2.40085
-16.9263
-3.10351
-3.02073
-16.9037
-3.14155
-3.71965
-16.8482
3.12959
-4.31583
-16.8403
-3.08662
-4.95412
-16.8855
-3.08042
-5.39648
-16.9607
-2.27396
-5.30969
-16.9744
-1.75925
-5.24426
-16.9759
-1.1719
-5.20779
-16.9312
-0.616144
-5.15887
-16.8622
-0.0689782
-5.18486
-16.8322
0.470556
-5.21072
-16.7983
1.01032
-5.24945
-16.7599
1.54834
-5.4595
-16.1908
1.90401
-5.62101
-15.5632
1.84994
-5.7908
-14.9856
1.95834
-6.0274
-14.3491
1.84421
-6.19508
-13.5942
1.72463
-6.20959
-12.8856
1.55783
-6.14314
-12.2941
1.57799
-6.1552
-11.6171
1.61802
-6.17671
-10.9082
1.66895
-6.22646
-10.2835
1.67262
-6.29876
-10.3958
2.6628
-6.3248
-10.4532
-3.01446
-6.29094
-10.3762
-2.49408
-6.24992
-10.4684
-1.911
-6.13702
-11.0621
-1.46463
-6.03873
-11.6755
-1.43695
-5.94575
-12.4077
-1.50331
-5.90711
-13.0117
-1.50508
-5.94395
-13.6921
-1.59237
-5.98075
-14.3138
-1.56375
-6.04798
-14.9617
-1.64339
-6.15971
-15.5784
-1.64005
-6.21214
-16.2059
-1.67006
-6.16906
-16.656
-1.22993
-6.10285
-16.5873
-0.708353
-6.05965
-16.5226
-0.195059
-5.46584
-16.6182
-0.138933
-4.85987
-16.6864
-0.0513508
-4.13209
-16.7581
-0.0855635
-3.47192
-16.7383
-0.0334892
-2.75517
-16.7902
-0.0134089
-2.04806
-16.8189
-0.0431246
-1.39842
-16.8041
-0.0122892
-1.38088
-16.7779
0.507371
-1.49031
-16.7032
1.52197
-1.52385
-16.1318
1.60525
-1.50514
-15.4726
1.62945
-1.57923
-14.7959
1.68609
-1.58073
-13.8371
1.53167
-1.63475
-14.4832
1.70557
-1.54084
-13.4593
1.53572
-1.59965
-12.8279
1.75975
-1.63812
-12.1168
1.61067
-1.6674
-11.4629
1.67076
-1.76862
-10.7849
1.72109
-1.86171
-10.1565
1.78032
-1.84597
-9.57895
1.50166
-1.8132
-9.09964
1.52394
-1.7869
-8.45021
1.58707
-1.73382
-7.81364
1.49844
-1.71792
-7.16416
1.58972
-1.69439
-5.85895
1.50054
-1.6882
-6.53249
1.60172
-1.67551
-5.53333
1.52407
-1.649
-4.86816
1.59063
-1.68081
-4.19146
1.65496
-1.65986
-3.41613
1.43071
-1.58543
-2.79831
1.49996
-1.59045
-2.22443
1.61404
-1.6548
-1.62369
1.6862
-1.648
-0.978614
1.64356
-1.68416
-0.28047
1.71791
-1.24428
-0.0902459
-0.00229295
-0.744671
-0.0958523
-0.00631977
