-1.80495e-17
1.64798e-17
-8.88178e-16
1.01594
0.0232013
0.00450442
2.01564
-0.0190188
-0.0024962
3.02881
-0.0171884
-0.00347314
3.03787
0.97959
1.56516
3.03563
1.98233
1.54984
3.03605
3.00627
1.54221
3.0669
3.99488
1.54515
3.04178
2.98739
-1.58096
3.02865
1.98779
-1.58526
3.04443
0.978977
-1.57398
3.03655
0.00428318
-1.59859
3.03718
0.99782
1.55369
3.03816
2.01211
1.54087
3.06
2.98129
1.5438
3.08996
3.9862
1.54565
4.12124
3.97892
-0.0203632
5.10979
3.95943
-0.00795658
6.07109
3.97298
-0.0108636
7.06728
3.97297
-0.00117224
7.02715
2.96958
-1.53544
7.06419
1.98444
-1.57204
7.06344
0.977617
-1.57234
7.05168
-0.0335619
-1.5743
7.03925
0.957037
1.56892
7.03199
1.95353
1.56148
7.03907
2.96759
1.57224
7.0575
3.96884
1.5603
6.09445
3.9439
3.1391
5.06701
3.9682
3.11736
4.08282
3.97919
3.10731
3.09823
4.00449
3.12819
3.1091
4.97768
1.55512
3.1212
6.01941
1.58039
3.10143
7.00916
1.5472
3.09518
8.00258
1.54427
2.09031
8.00692
3.12002
1.10445
8.02633
3.12831
0.100207
8.03155
3.12893
-0.893619
8.03562
3.1173
-0.961266
7.05035
-1.58241
-0.986184
6.05694
-1.56493
-0.955088
5.03544
-1.55186
-0.954929
4.02992
-1.58751
-0.953902
3.0448
-1.57159
-0.990113
2.04237
-1.5647
-0.970696
1.03455
-1.56626
-0.984344
0.0294926
-1.55412
-0.979461
0.998347
1.57485
-0.99171
2.01601
1.55652
-1.00036
3.0321
1.53227
-0.96922
4.08001
1.53572
0.0314366
4.03012
-0.00341457
1.06247
4.02745
-0.0093943
2.04623
4.0199
-0.0296834
3.07015
3.96997
-0.0213482
3.05556
2.98948
-1.58397
3.03825
1.94982
-1.60028
3.0066
0.973895
-1.61001
2.98725
-0.0293137
-1.60914
1.98731
-0.00403365
3.13109
0.993518
0.000589326
3.1392
0.00353434
0.0119369
-3.12479
-1.0137
0.0284242
3.14148
-1.0039
1.02508
1.57923
-0.987218
2.06507
1.57074
-0.989657
3.05427
1.55364
-0.96743
4.01265
1.55427
-0.952565
3.04027
-1.59151
-1.0071
2.04803
-1.56922
-1.01154
1.02764
-1.55955
-0.996686
0.000739703
-1.55781
-2.00249
-0.0194516
3.13936
-2.97638
0.0092134
3.10925
-3.96651
0.0258456
3.106
-4.95147
0.062626
3.12286
-4.98478
-0.932286
-1.5744
-4.97351
-1.93313
-1.60922
-5.00679
-2.95152
-1.5921
-5.02163
-3.93373
-1.57789
-6.00532
-3.9078
-3.13226
-7.02285
-3.92768
-3.14065
-8.01711
-3.90068
3.13505
-9.01658
-3.89024
3.12082
-9.0265
-4.91967
-1.62547
-9.06766
-5.90017
-1.62783
-9.12043
-6.8884
-1.62118
-9.16318
-7.87881
-1.58839
-8.13715
-7.89602
-0.0317002
-7.12723
-7.94103
-0.0210597
-6.11207
-7.96572
0.00266662
-5.07428
-7.95797
-0.0147034
-5.06456
-6.96459
1.54998
-5.0886
-5.97757
1.54063
-5.04524
-4.98795
1.55854
-4.98274
-3.95193
1.54877
-6.01017
-3.93443
3.12565
-7.02572
-3.90236
-3.14008
-7.99525
-3.94081
3.14006
-9.01077
-3.9129
3.13338
-8.03142
-3.91056
-0.0296098
-7.02308
-3.91831
-0.0256519
-6.02899
-3.92674
-0.0247779
-5.02319
-3.92458
-0.0242722
-6.02595
-3.91037
3.12823
-7.02409
-3.90852
3.12917
-8.00571
-3.8906
3.12708
-9.01405
-3.89208
3.14003
-8.99407
-2.86366
1.5617
-8.98975
-1.86122
1.57452
-8.97701
-0.855307
1.58455
-8.98272
0.137855
1.59041
-8.99728
-0.845155
-1.57967
-9.00708
-1.85712
-1.56917
-8.99972
-2.88405
-1.57632
-9.00759
-3.90444
-1.56965
-8.01771
-3.90488
-0.0145344
-7.01
-3.94016
-0.00687092
-6.02724
-3.94255
-0.0234511
-5.03481
-3.95968
-0.0182024
-6.04047
-3.97257
3.13647
-7.04925
-3.9354
-3.13617
-8.04275
-3.90893
3.12355
-9.06873
-3.93271
3.12914
-9.07617
-4.89057
-1.6001
-9.08123
-5.88947
-1.60688
-9.12984
-6.90826
-1.59997
-9.14097
-7.88244
-1.59735
-8.12383
-7.87108
-0.00912904
-7.10935
-7.88644
-0.0206755
-6.09449
-7.92586
-0.0313528
-5.08772
-7.93855
-0.0363112
-5.08734
-8.95748
-1.61317
-5.1421
-9.96569
-1.60797
-5.1904
-10.9714
-1.60016
-5.19709
-11.9665
-1.59189
-5.15724
-10.9423
1.56094
-5.13736
-9.9445
1.54632
-5.09948
-8.94233
1.55537
-5.08517
-7.916
1.53008
-5.13111
-8.91481
-1.59346
-5.13199
-9.93854
-1.60784
-5.16025
-10.9625
-1.58247
-5.16068
-11.971
-1.58226
-5.13217
-10.9495
1.55913
-5.16345
-9.96559
1.52965
-5.12142
-8.97404
1.53837
-5.09239
-7.95282
1.51635
-4.07548
-7.99887
-0.0293978
-3.07921
-7.97036
-0.00719815
-2.08293
-7.98119
-0.0310545
-1.08319
-8.00192
-0.0226837
-1.05343
-6.96504
1.56987
-1.05701
-5.97468
1.52935
-0.99045
-4.98661
1.54028
-0.966741
-4.02302
1.55463
-0.987499
-5.00905
-1.5783
-1.03674
-6.01727
-1.58089
-1.06533
-7.01531
-1.5993
-1.1059
-8.01711
-1.59141
-1.06896
-7.0238
1.55382
-1.05303
-6.03879
1.53077
-1.00838
-5.00348
1.52862
-0.97485
-4.01577
1.55783
-0.993193
-5.00248
-1.58521
-0.990724
-6.01123
-1.59581
-1.05395
-6.96838
-1.60611
-1.07366
-8.00424
-1.59355
-2.08584
-8.00551
3.10868
-3.08566
-7.97772
3.13263
-4.06517
-7.96517
3.12725
-5.07733
-7.94355
3.11705
-5.05754
-6.95281
1.55393
-5.03976
-5.95777
1.56654
-5.04444
-4.97778
1.54375
-5.04424
-3.95819
1.55497
-5.05081
-4.9826
-1.59874
-5.06841
-5.97152
-1.589
-5.05331
-6.94913
-1.59748
-5.07716
-7.93538
-1.60292
-5.12277
-8.95327
-1.59251
-5.1353
-9.9439
-1.58949
-5.14377
-10.9287
-1.57594
-5.15757
-11.9405
-1.59237
-6.14818
-11.9377
3.10391
-7.16318
-11.895
3.09452
-8.15844
-11.8614
3.10439
-9.16799
-11.8348
3.11895
-9.14509
-10.8451
1.55764
-9.13983
-9.85334
1.54734
-9.12699
-8.84104
1.55061
-9.12145
-7.86222
1.54368
-10.1069
-7.79229
-3.12549
-11.0924
-7.86482
-3.12152
-12.0814
-7.90357
-3.13735
-13.0955
-7.9112
-3.12112
-13.0926
-8.88996
-1.56637
-13.1109
-9.90102
-1.56584
-13.085
-10.891
-1.55236
-13.0715
-11.9089
-1.55094
-14.0662
-11.9126
-3.12302
-15.0402
-11.9623
-3.12321
-16.0569
-11.9849
-3.12354
-17.04
-12.0037
-3.12121
-17.0521
-13.037
-1.55
-17.0294
-14.0098
-1.53801
-17.0023
-15.0163
-1.52321
-16.9746
-16.0213
-1.52575
-16.9856
-15.0124
1.59792
-17.0069
-13.9953
1.60187
-17.0285
-13.011
1.5744
-17.0344
-12.0048
1.58088
-16.0301
-11.9809
0.021185
-15.0646
-11.9695
0.0132441
-14.0483
-11.9361
0.0620422
-13.0531
-11.912
0.0452463
-13.0593
-10.9256
1.60685
-13.0743
-9.89862
1.57832
-13.1226
-8.90061
1.55723
-13.1081
-7.89622
1.56904
-13.1258
-8.88673
-1.53975
-13.1163
-9.90191
-1.5419
-13.0699
-10.9076
-1.54069
-13.0581
-11.9173
-1.53844
-13.0619
-10.9364
1.60147
-13.0604
-9.92616
1.5931
-13.088
-8.89262
1.59663
-13.0804
-7.91444
1.60111
-12.0728
-7.87159
0.00895261
-11.132
-7.84871
0.0150313
-10.1412
-7.85639
0.0216204
-9.1544
-7.84251
-0.00602051
-9.15051
-8.82869
-1.58729
-9.13034
-9.83786
-1.57151
-9.14989
-10.8367
-1.59218
-9.16601
-11.8582
-1.583
-8.16824
-11.8689
-0.0200034
-7.15569
-11.8964
-0.0293719
-6.1708
-11.9156
-0.0474093
-5.17745
-11.9799
-0.0303108
-6.17799
-11.9499
3.09687
-7.15214
-11.9251
3.10162
-8.15757
-11.8825
3.11683
-9.19285
-11.8453
3.10771
-9.20002
-12.8064
-1.58074
-9.24035
-13.7648
-1.55178
-9.23297
-14.7674
-1.54655
-9.21635
-15.7534
-1.551
-9.19565
-16.763
-1.56812
-9.15168
-17.76
-1.55158
-9.0982
-18.7516
-1.53972
-9.0743
-19.7752
-1.53345
-9.10678
-18.7695
1.61639
-9.13793
-17.7476
1.61121
-9.17095
-16.7625
1.60622
-9.20596
-15.7593
1.61295
-9.17806
-16.7709
-1.50089
-9.13171
-17.7572
-1.52945
-9.09443
-18.769
-1.51195
-9.04943
-19.7503
-1.53199
-9.09709
-18.7542
1.58079
-9.13988
-17.7512
1.58436
-9.16637
-16.7712
1.61428
-9.20571
-15.7723
1.59051
-8.2152
-15.7369
0.0260359
-7.19045
-15.7026
0.0272219
-6.19543
-15.6768
0.026807
-5.21503
-15.6183
0.0239888
-5.1546
-16.6202
-1.56185
-5.16282
-17.5977
-1.57312
-5.16725
-18.6289
-1.52388
-5.12949
-19.6243
-1.53041
-4.11474
-19.5562
0.0502218
-3.08161
-19.5066
0.068642
-2.10174
-19.4527
0.0497073
-1.11458
-19.4353
0.058398
-1.17949
-18.3791
1.62865
-1.21192
-17.3865
1.62607
-1.28016
-16.3877
1.62622
-1.34343
-15.3874
1.6188
-0.370937
-15.3419
0.0353083
0.616447
-15.3298
0.0363251
1.60266
-15.317
0.0257792
2.5964
-15.2697
-0.0041889
1.57903
-15.2606
-3.11973
0.594661
-15.2638
-3.12252
-0.367916
-15.3224
-3.10611
-1.356
-15.3976
-3.06554
-1.2951
-16.3759
-1.51238
-1.22532
-17.38
-1.50763
-1.17597
-18.3742
-1.51064
-1.13145
-19.3384
-1.48281
-2.11692
-19.4262
-3.07627
-3.13284
-19.505
-3.06528
-4.11572
-19.5838
-3.07862
-5.12089
-19.6139
-3.10578
-5.10753
-20.6179
-1.49704
-5.03719
-21.6194
-1.49935
-5.00031
-22.5819
-1.52984
-4.96336
-23.5828
-1.55077
-5.95883
-23.5811
-3.09353
-6.95449
-23.6124
-3.08991
-7.94589
-23.672
-3.07987
-8.93097
-23.7277
-3.08601
-8.99599
-22.7524
1.5846
-9.00783
-21.7651
1.60915
-9.05377
-20.776
1.60088
-9.06136
-19.7884
1.58988
-10.0619
-19.7939
3.14079
-11.0574
-19.8068
-3.11143
-12.0547
-19.8588
-3.09253
-13.0759
-19.9128
-3.12018
-13.0408
-20.926
-1.55304
-12.9955
-21.9149
-1.54476
-12.9724
-22.8891
-1.559
-12.9803
-23.9167
-1.54921
-13.9676
-23.9142
-3.11391
-14.9749
-23.9412
-3.08794
-15.9621
-23.9905
-3.11433
-17.0014
-24.051
-3.1368
-17.0051
-23.035
1.56345
-17.0288
-22.0482
1.55756
-16.9996
-21.0462
1.55525
-16.9828
-20.0775
1.55339
-18.002
-20.0543
3.12298
-18.9951
-20.0428
3.13814
-20.0394
-20.0169
-3.1344
-21.0106
-20.0046
-3.13168
-19.9921
-20.0308
0.00215868
-18.9894
-20.045
-0.00930083
-18.0141
-20.0679
-0.00616475
-17.0313
-20.0706
-0.00695826
-17.0122
-21.0447
-1.56568
-16.9927
-22.0702
-1.57528
-17.0053
-23.0744
-1.55001
-16.9567
-24.0878
-1.53197
-15.9361
-24.0099
0.0534567
-14.9597
-23.9349
0.0415252
-13.9758
-23.8912
0.02329
-12.9641
-23.8876
0.0157642
-13.0002
-22.9033
1.60021
-13.0194
-21.8965
1.61232
-13.062
-20.8978
1.61218
-13.1015
-19.8854
1.60118
-12.0799
-19.864
0.0531839
-11.0789
-19.8071
0.0389473
-10.073
-19.7771
0.0379197
-9.05957
-19.7326
0.0493885
-9.13626
-18.7678
1.614
-9.17573
-17.7778
1.59228
-9.21144
-16.7591
1.58277
-9.2
-15.7732
1.58074
-9.18435
-16.7788
-1.54378
-9.14424
-17.7783
-1.53778
-9.10546
-18.7596
-1.53666
-9.05511
-19.7741
-1.54605
-9.08075
-18.7709
1.6148
-9.15017
-17.7526
1.60215
-9.18168
-16.7322
1.59622
-9.20093
-15.7352
1.60455
-9.18784
-16.7682
-1.55173
-9.15284
-17.7393
-1.56549
-9.09859
-18.7624
-1.5563
-9.06721
-19.7707
-1.56189
-9.09429
-18.7762
1.58417
-9.12972
-17.7664
1.61694
-9.16765
-16.7945
1.60392
-9.21594
-15.7821
1.60345
-10.2062
-15.8129
-3.11912
-11.2094
-15.8203
-3.09891
-12.2286
-15.864
-3.11265
-13.179
-15.8665
-3.12183
-13.1877
-16.8675
-1.54594
-13.1534
-17.8966
-1.55139
-13.1315
-18.9046
-1.52911
-13.0817
-19.9023
-1.54576
-14.0784
-19.9314
-3.10696
-15.036
-19.9653
-3.11019
-16.0046
-20.0432
-3.1247
-17.0203
-20.072
-3.11862
-16.9909
-21.0662
-1.5734
-16.9882
-22.0625
-1.57179
-17.0157
-23.063
-1.56411
-16.9713
-24.0492
-1.52757
-15.9524
-23.9792
0.0452924
-14.9725
-23.9493
0.0560679
-13.9758
-23.8934
0.0441396
-12.9867
-23.8405
0.0143488
-12.9782
-22.87
1.591
-12.998
-21.8665
1.58912
-13.0407
-20.8657
1.59892
-13.0774
-19.8805
1.60366
-12.0561
-19.8753
0.0440549
-11.0541
-19.8184
0.0193812
-10.0538
-19.8224
0.0245725
-9.05378
-19.7662
0.0432263
-9.05732
-20.7682
-1.54504
-9.06082
-21.7551
-1.51217
-9.01887
-22.7437
-1.5227
-8.94364
-23.7336
-1.51748
-9.95077
-23.7888
-3.08609
-10.9684
-23.8295
-3.10581
-11.9697
-23.8977
-3.12932
-12.9751
-23.8923
-3.12279
-11.9556
-23.8935
0.039871
-10.9467
-23.8528
0.0443571
-9.94971
-23.8043
0.0326193
-8.96338
-23.7364
0.0602349
-8.89812
-24.7157
-1.51073
-8.82234
-25.6974
-1.5303
-8.80242
-26.7028
-1.51537
-8.76013
-27.6789
-1.53248
-7.76474
-27.6498
0.0241817
-6.75917
-27.6445
0.00905087
-5.77916
-27.6406
0.0117709
-4.76522
-27.6333
0.0202075
-5.76571
-27.6531
-3.1352
-6.74442
-27.6299
-3.11731
-7.75821
-27.6495
-3.13468
-8.77103
-27.6596
-3.1328
-8.7414
-28.6954
-1.56916
-8.7794
-29.6754
-1.57123
-8.76391
-30.6319
-1.54977
-8.80063
-31.6438
-1.54726
-8.77557
-32.6275
-1.54342
-8.70861
-33.6129
-1.55626
-8.70384
-34.5948
-1.56251
-8.70872
-35.5994
-1.56794
-7.67046
-35.5986
0.00592953
-6.68607
-35.6032
0.0181459
-5.66006
-35.5815
0.00213032
-4.68963
-35.5781
0.00777974
-4.66018
-36.5425
-1.59493
-4.64752
-37.5428
-1.55281
-4.62336
-38.5339
-1.57931
-4.63989
-39.5363
-1.60629
-5.66444
-39.4666
3.09199
-6.63776
-39.4404
3.13256
-7.66229
-39.4544
3.119
-8.63318
-39.4552
3.11819
-8.6615
-40.4527
-1.58992
-8.68475
-41.4466
-1.59357
-8.68582
-42.4423
-1.60717
-8.71219
-43.4538
-1.59162
-8.71766
-42.4665
1.55461
-8.7042
-41.4572
1.51516
-8.66883
-40.438
1.5386
-8.63089
-39.4337
1.53432
-7.65155
-39.4692
-0.04001
-6.62778
-39.5094
0.0019579
-5.6393
-39.4832
-0.0307147
-4.63022
-39.5349
-0.00894879
-5.64236
-39.4806
-3.14015
-6.64324
-39.4688
3.11732
-7.64998
-39.4508
3.13577
-8.64078
-39.4273
3.12079
-7.63869
-39.4955
-0.0274085
-6.64333
-39.5065
-0.00286173
-5.65041
-39.5037
-0.0139836
-4.6342
-39.5197
-0.00135956
-5.65069
-39.5047
3.12089
-6.64472
-39.4718
3.13778
-7.66299
-39.4512
3.14142
-8.66662
-39.4487
3.11945
-8.68865
-40.4324
-1.58872
-8.73667
-41.4051
-1.57772
-8.70967
-42.433
-1.57581
-8.72307
-43.4454
-1.58526
-9.72849
-43.4394
3.13587
-10.7602
-43.4366
3.12533
-11.7262
-43.4459
3.08827
-12.7281
-43.373
3.10123
-11.7564
-43.4092
-0.0270974
-10.7492
-43.4265
-0.0116624
-9.73924
-43.4666
-0.00412699
-8.72696
-43.464
-0.0136223
-9.74455
-43.4301
3.11479
-10.7425
-43.4307
3.09298
-11.7656
-43.4142
3.09735
-12.7547
-43.3927
3.10374
-11.7399
-43.4414
-0.0175974
-10.7581
-43.4587
-0.000845347
-9.77211
-43.4572
-0.0127326
-8.73499
-43.4995
-0.00561501
-8.6987
-42.4748
1.54264
-8.66593
-41.4199
1.55463
-8.67252
-40.4431
1.54414
-8.63488
-39.4306
1.54147
-7.65964
-39.4458
-0.034443
-6.65187
-39.47
-0.0277403
-5.62774
-39.4982
-0.0190449
-4.62839
-39.5259
-0.00424164
-4.68258
-40.531
-1.55351
-4.65798
-41.5391
-1.58127
-4.66337
-42.5171
-1.59321
-4.66646
-43.4976
-1.55558
-4.67328
-42.4978
1.58145
-4.65968
-41.5185
1.55928
-4.63989
-40.5284
1.54477
-4.57557
-39.5469
1.52335
-4.60245
-40.5453
-1.61321
-4.65378
-41.5352
-1.58566
-4.65509
-42.5181
-1.57565
-4.64044
-43.5297
-1.56303
-4.6482
-42.5259
1.56622
-4.66076
-41.5564
1.56904
-4.66812
-40.5301
1.57177
-4.63919
-39.5357
1.54644
-3.6501
-39.5463
-0.00103126
-2.64845
-39.5564
-0.0213267
-1.63709
-39.5748
0.00670593
-0.616812
-39.5542
7.47009e-05
-0.650745
-40.5715
-1.58615
-0.656281
-41.574
-1.56688
-0.660771
-42.589
-1.57798
-0.64448
-43.5944
-1.57945
-0.617951
-42.6047
1.55722
-0.587549
-41.6409
1.56428
-0.611759
-40.6096
1.56545
-0.64442
-39.558
1.55256
-1.63467
-39.5182
3.13446
-2.633
-39.5543
3.13624
-3.63634
-39.536
3.11914
-4.63486
-39.5195
3.12621
-3.64119
-39.5775
0.00612826
-2.66399
-39.5648
0.000803794
-1.61889
-39.5499
0.0218677
-0.613852
-39.5495
0.0114491
-1.63124
-39.5457
-3.11499
-2.62787
-39.5763
3.13862
-3.62684
-39.56
3.10478
-4.64959
-39.5454
3.12964
-4.60934
-40.5291
-1.59773
-4.62754
-41.5478
-1.59518
-4.64961
-42.5303
-1.58476
-4.66498
-43.5285
-1.57538
-4.67714
-42.5334
1.55557
-4.65962
-41.5296
1.54604
-4.64852
-40.5596
1.55812
-4.61409
-39.5388
1.55059
-4.67517
-40.5369
-1.58593
-4.66836
-41.5288
-1.56129
-4.62441
-42.5285
-1.56146
-4.62518
-43.5595
-1.5474
-3.65449
-43.5029
0.00926793
-2.64469
-43.5112
-0.00744332
-1.66872
-43.5951
-0.00290884
-0.646289
-43.6117
-0.0191233
-0.635135
-42.571
1.5606
-0.609277
-41.5913
1.58022
-0.646793
-40.5905
1.57336
-0.642545
-39.5609
1.57441
-1.63534
-39.5553
3.13077
-2.60826
-39.5633
3.13321
-3.5914
-39.5298
3.12286
-4.63418
-39.5276
3.1228
-3.65022
-39.5191
-0.0334076
-2.64564
-39.563
-0.0167304
-1.62442
-39.5658
0.000240646
-0.631914
-39.5608
-0.0101326
-0.609744
-38.5645
1.55224
-0.627677
-37.6067
1.5879
-0.651754
-36.5455
1.57857
-0.642825
-35.5567
1.57876
-0.63868
-34.5779
1.56382
-0.667579
-33.5683
1.57129
-0.697704
-32.5725
1.55653
-0.691802
-31.5597
1.5722
-0.679201
-32.5678
-1.56435
-0.671509
-33.5606
-1.56056
-0.649581
-34.5858
-1.53349
-0.661356
-35.5999
-1.52541
0.376936
-35.5639
-0.0244334
1.38419
-35.6258
0.00408829
2.36708
-35.6061
0.00717105
3.38233
-35.6035
0.0279579
3.35641
-34.6072
1.59889
3.31057
-33.5871
1.58819
3.31894
-32.6111
1.57268
3.29397
-31.6071
1.57536
2.28407
-31.6017
3.13572
1.30214
-31.5988
-3.13651
0.305811
-31.6223
3.13449
-0.691058
-31.6039
-3.14066
-0.694313
-32.5858
-1.57786
-0.64638
-33.5863
-1.57252
-0.632059
-34.5612
-1.55517
-0.605368
-35.5962
-1.58807
-1.6149
-35.5706
3.12194
-2.63325
-35.551
3.12959
-3.66554
-35.5637
-3.12803
-4.66032
-35.5843
-3.13042
-4.67539
-34.5798
1.55117
-4.70019
-33.6038
1.55447
-4.67579
-32.6107
1.56323
-4.67351
-31.612
1.57065
-3.68449
-31.5827
0.00169764
-2.66595
-31.58
0.00106352
-1.67676
-31.5867
-0.00101674
-0.676111
-31.5592
-0.0132129
-0.679568
-32.5422
-1.55879
-0.696071
-33.5503
-1.54568
-0.681957
-34.5661
-1.54834
-0.670127
-35.5736
-1.58097
0.344323
-35.5579
-0.0181824
1.3587
-35.6114
-0.0033663
2.3411
-35.6107
0.0247048
3.34825
-35.5865
-0.0044467
3.33766
-34.5832
1.5659
3.33135
-33.5723
1.5775
3.31339
-32.5706
1.57854
3.31155
-31.5869
1.58484
3.33614
-32.5854
-1.57704
3.31787
-33.577
-1.55417
3.33526
-34.5847
-1.5489
3.36792
-35.5892
-1.54545
3.33462
-34.5798
1.59092
3.32625
-33.5692
1.56775
3.34135
-32.5897
1.58302
3.32625
-31.6303
1.58365
4.30708
-31.5931
0.0341031
5.32675
-31.5446
0.00899873
6.34222
-31.5247
-0.0102623
7.33819
-31.5617
-0.00138794
6.34096
-31.5329
-3.12971
5.30565
-31.539
-3.1209
4.28948
-31.5694
-3.09076
3.30009
-31.6041
-3.1231
3.29503
-32.5964
-1.57072
3.32446
-33.6093
-1.55935
3.31645
-34.5948
-1.55292
3.35083
-35.6203
-1.55361
4.35922
-35.5607
-0.000626435
5.35186
-35.5913
0.00136295
6.36513
-35.6058
0.012914
7.31089
-35.5897
-0.00879449
6.33583
-35.5887
3.13166
5.3406
-35.5879
3.13466
4.34132
-35.561
-3.13038
3.34687
-35.574
-3.11576
3.33279
-34.5913
1.59945
3.31217
-33.5837
1.60957
3.27231
-32.5494
1.61365
3.26246
-31.5797
1.60147
3.30545
-32.6092
-1.55739
3.29257
-33.6251
-1.55826
3.3199
-34.5906
-1.56025
3.33895
-35.5944
-1.56292
4.35526
-35.5932
0.00148505
5.33777
-35.6242
0.0145395
6.34205
-35.6085
0.0208702
7.32535
-35.5519
-0.0139909
7.33397
-34.5013
1.55767
7.34778
-33.524
1.55882
7.31482
-32.5073
1.54036
7.36052
-31.5489
1.58934
7.35664
-32.5426
-1.56399
7.32983
-33.5371
-1.57277
7.32261
-34.5307
-1.59261
7.31385
-35.5326
-1.56953
8.35216
-35.5355
-0.00824579
9.34885
-35.5357
-0.0224353
10.3368
-35.531
0.00590248
11.2966
-35.5293
0.0288411
11.3314
-36.5178
-1.55909
11.3577
-37.5464
-1.54976
11.3552
-38.5331
-1.55745
11.3521
-39.5074
-1.56882
11.3606
-38.5452
1.58099
11.3372
-37.5418
1.58895
11.3185
-36.5617
1.59359
11.3187
-35.5279
1.58214
11.3334
-36.5136
-1.57734
11.3403
-37.5304
-1.56913
11.3446
-38.5267
-1.55858
11.3613
-39.5018
-1.54926
11.3492
-38.5035
1.58931
11.3416
-37.5098
1.59898
11.2981
-36.5264
1.57401
11.321
-35.5431
1.58986
10.3229
-35.5542
-3.13453
9.38576
-35.5781
-3.12409
8.355
-35.5874
3.13474
7.36082
-35.5802
-3.1357
7.35454
-34.5466
1.57493
7.35443
-33.5536
1.57592
7.32305
-32.541
1.56612
7.32144
-31.5372
1.59875
6.32409
-31.5275
-3.13671
5.33007
-31.5508
-3.11717
4.32551
-31.5696
-3.09819
3.35428
-31.63
-3.11455
3.30911
-30.6395
1.54748
3.30369
-29.6268
1.5763
3.29664
-28.6264
1.55667
3.30954
-27.6183
1.59292
4.29865
-27.5804
0.00420595
5.32754
-27.5855
0.00934829
6.32032
-27.598
0.0171542
7.30358
-27.5861
0.0163898
7.29115
-26.5743
1.5889
7.26009
-25.5699
1.58118
7.24976
-24.5942
1.57036
7.22341
-23.5836
1.58337
6.21008
-23.6005
-3.11676
5.24626
-23.6053
-3.13008
4.22796
-23.621
-3.11249
3.18781
-23.631
-3.11669
3.19804
-24.6269
-1.55971
3.23088
-25.6108
-1.55561
3.25783
-26.6138
-1.55213
3.29548
-27.6158
-1.58946
2.30167
-27.6258
3.12679
1.29413
-27.6179
-3.13468
0.289596
-27.6039
-3.1357
-0.679074
-27.5955
3.13236
0.302819
-27.607
-0.0102805
1.28858
-27.6066
0.00547772
2.29666
-27.6073
0.0131213
3.29414
-27.5984
0.023253
3.25411
-26.6015
1.58745
3.23678
-25.6146
1.60723
3.20232
-24.6297
1.60906
3.19544
-23.6228
1.62659
3.24776
-24.6335
-1.53844
3.29034
-25.6227
-1.55035
3.30943
-26.6146
-1.57056
3.29932
-27.6152
-1.57016
4.32772
-27.6291
0.00895013
5.32046
-27.6021
0.0164406
6.32371
-27.6095
0.010726
7.32095
-27.5753
0.0183612
7.30139
-26.5682
1.59746
7.28632
-25.5688
1.59524
7.26204
-24.5622
1.56482
7.25922
-23.5568
1.57226
6.22589
-23.572
-3.14115
5.21541
-23.6071
-3.12803
4.23549
-23.6107
-3.13667
3.21481
-23.6224
3.12624
4.22654
-23.6175
-0.0165833
5.22776
-23.6028
-0.00919832
6.22784
-23.5736
-0.0105981
7.24401
-23.5703
0.00764514
7.26374
-24.5684
-1.57568
7.28303
-25.5409
-1.56347
7.32291
-26.5716
-1.55223
7.34173
-27.5627
-1.55353
7.31345
-26.5661
1.58512
7.30128
-25.5506
1.56915
7.23971
-24.5552
1.57286
7.23618
-23.5692
1.59245
7.22227
-24.5572
-1.52456
7.23328
-25.5614
-1.51391
7.27314
-26.5689
-1.5539
7.32304
-27.5617
-1.56966
8.28421
-27.5392
-0.0096886
9.30382
-27.5406
-0.0328683
10.279
-27.5784
-0.0244982
11.2484
-27.5592
-0.00197096
11.2917
-26.589
1.58374
11.2918
-25.6244
1.5892
11.28
-24.6183
1.59707
11.2693
-23.5997
1.58006
11.2536
-24.5949
-1.56231
11.2798
-25.6127
-1.55594
11.3047
-26.6303
-1.55639
11.2867
-27.6449
-1.56717
11.313
-28.6339
-1.57884
11.2802
-29.6365
-1.59389
11.2841
-30.6232
-1.57262
11.2988
-31.6484
-1.57618
10.2749
-31.6356
3.10647
9.31027
-31.6299
3.11439
8.31787
-31.5838
3.10623
7.31915
-31.5558
3.1304
7.33422
-30.5534
1.58738
7.33469
-29.5524
1.6051
7.28798
-28.5824
1.58137
7.30643
-27.5772
1.54772
8.26846
-27.5785
-0.0234656
9.27391
-27.5545
-0.0360515
10.2807
-27.5927
-0.0166203
11.3004
-27.6141
-0.0190365
11.2674
-28.6218
-1.55927
11.251
-29.6141
-1.56433
11.3194
-30.6141
-1.56841
11.2637
-31.5951
-1.56453
12.2921
-31.6263
0.0111716
13.2817
-31.6107
0.0174299
14.295
-31.591
0.00711657
15.2877
-31.599
0.0218061
15.3106
-32.549
-1.56447
15.3404
-33.5639
-1.58501
15.3248
-34.5894
-1.60242
15.3391
-35.593
-1.5707
16.3295
-35.5774
0.0203894
17.3259
-35.5495
0.047363
18.3487
-35.5202
0.0207994
19.3334
-35.5115
-0.00237348
19.3401
-36.5469
-1.58198
19.3492
-37.5458
-1.6083
19.3097
-38.5505
-1.57439
19.3395
-39.526
-1.56563
20.3472
-39.5255
-0.0165925
21.325
-39.5483
0.0104852
22.3388
-39.5239
0.023952
23.3382
-39.4979
0.00302357
23.3663
-40.5132
-1.55504
23.3453
-41.5246
-1.55699
23.3739
-42.5081
-1.55483
23.3819
-43.5356
-1.56302
24.3408
-43.508
0.0139162
25.374
-43.4963
0.00831316
26.3366
-43.4896
-0.00603763
27.3668
-43.4678
0.00386031
27.3523
-42.4833
1.53727
27.3648
-41.4663
1.58208
27.3638
-40.4823
1.58142
27.3738
-39.4643
1.58408
27.3486
-40.4661
-1.56874
27.3639
-41.4696
-1.56219
27.3713
-42.451
-1.55194
27.3854
-43.438
-1.53039
26.3767
-43.4809
-3.12332
25.4108
-43.4445
-3.12558
24.3809
-43.477
-3.12985
23.3653
-43.4947
-3.12535
22.3952
-43.5056
-3.11106
21.3844
-43.5446
-3.10463
20.4047
-43.5694
-3.12703
19.4028
-43.5951
-3.09966
20.4013
-43.5833
0.049616
21.433
-43.559
0.0630244
22.4207
-43.499
0.0200681
23.3837
-43.4879
0.0195715
23.3755
-42.497
1.57816
23.3846
-41.4959
1.58468
23.3825
-40.4891
1.58957
23.3394
-39.4849
1.58106
24.3678
-39.4705
0.0096582
25.3744
-39.4775
0.0226246
26.3507
-39.4791
0.0167834
27.3773
-39.4665
0.00336087
27.3532
-38.4414
1.57466
27.346
-37.4884
1.56732
27.3137
-36.4619
1.55373
27.3063
-35.4558
1.57681
27.3189
-36.4892
-1.54311
27.3176
-37.4805
-1.58324
27.3086
-38.4846
-1.57319
27.34
-39.4396
-1.57061
27.355
-40.4361
-1.57183
27.3703
-41.4466
-1.57191
27.3767
-42.4515
-1.57376
27.3703
-43.4457
-1.56906
26.3836
-43.4649
-3.12681
25.3742
-43.4776
-3.1232
24.3785
-43.5046
3.13644
23.3796
-43.4929
-3.12714
24.3623
-43.469
0.0344995
25.3269
-43.4706
0.0735304
26.3173
-43.4225
0.0586082
27.3443
-43.3597
0.0641054
26.3556
-43.4509
-3.09881
25.3735
-43.4859
-3.13
24.3721
-43.5004
-3.13447
23.3719
-43.521
-3.11678
24.39
-43.5258
0.0135983
25.378
-43.5047
0.0164563
26.3892
-43.4724
0.0274306
27.3643
-43.4409
0.00516749
28.3801
-43.4244
0.0139182
29.3441
-43.4019
-0.00599041
30.3647
-43.4374
0.0100715
31.3774
-43.4208
0.036879
31.3532
-42.4296
1.59402
31.3353
-41.4388
1.57304
31.3411
-40.4466
1.57993
31.314
-39.4313
1.57681
31.3344
-40.4429
-1.5488
31.3716
-41.4501
-1.54492
31.3862
-42.4333
-1.54238
31.3976
-43.435
-1.56677
31.3911
-42.4453
1.59005
31.3542
-41.4655
1.58945
31.3301
-40.4447
1.54501
31.3188
-39.4316
1.55924
32.3096
-39.4544
-0.00175702
33.3199
-39.4639
0.00662183
34.3383
-39.459
0.0224616
35.3306
-39.4545
-0.00249026
34.3139
-39.4422
3.10743
33.3228
-39.4216
-3.1354
32.3292
-39.4335
-3.11991
31.3275
-39.4364
-3.13912
31.3444
-38.4283
1.58145
31.3025
-37.4292
1.55166
31.2961
-36.4371
1.57136
31.3095
-35.4384
1.5895
31.2898
-36.455
-1.52695
31.34
-37.4415
-1.54474
31.3067
-38.4473
-1.5638
31.3298
-39.4491
-1.57295
32.3164
-39.4594
0.000312524
33.3031
-39.4231
0.00984847
34.3125
-39.4149
-0.00830796
35.296
-39.4107
-0.0108898
35.3047
-38.4278
1.55089
35.3114
-37.4373
1.57843
35.3399
-36.4429
1.56758
35.3431
-35.4067
1.5558
35.3139
-36.3908
-1.58869
35.2982
-37.408
-1.5793
35.3244
-38.3954
-1.57753
35.339
-39.4193
-1.54842
36.3282
-39.4176
0.0237539
37.3158
-39.4025
0.00477119
38.3057
-39.4087
0.0112946
39.297
-39.4035
0.00405424
38.3242
-39.3936
-3.12988
37.3332
-39.4209
3.13007
36.3336
-39.4053
-3.14035
35.3223
-39.3842
-3.13732
36.3295
-39.3804
-0.0237907
37.2969
-39.4068
0.0304988
38.2832
-39.3925
0.000396035
39.272
-39.3974
-0.00411721
39.2986
-40.4051
-1.57483
39.2953
-41.3859
-1.55991
39.3438
-42.3736
-1.54821
39.3921
-43.3998
-1.55217
40.416
-43.3902
0.0164799
41.4165
-43.3433
0.0313014
42.4069
-43.2616
0.0162046
43.4014
-43.2351
0.0396328
42.3999
-43.3319
-3.11693
41.4365
-43.3659
-3.10997
40.4155
-43.3762
-3.08779
39.4024
-43.4071
-3.10302
38.3678
-43.4301
3.12982
37.3461
-43.4249
-3.1367
36.3815
-43.4459
-3.13791
35.3594
-43.4236
-3.13903
35.3314
-42.4172
1.59165
35.3418
-41.4123
1.57931
35.3313
-40.401
1.56606
35.3334
-39.4255
1.58187
36.3321
-39.3647
0.0193523
37.3354
-39.3962
-0.00133755
38.3275
-39.4304
0.0097775
39.3074
-39.4049
0.00922959
38.304
-39.4073
-3.13107
37.3148
-39.4031
-3.12871
36.3061
-39.3777
-3.13296
35.3147
-39.3925
-3.11746
35.3296
-40.3896
-1.54193
35.3299
-41.421
-1.53788
35.3726
-42.4431
-1.54692
35.4004
-43.4511
-1.54955
35.3713
-42.4455
1.56559
35.3635
-41.4319
1.57761
35.3568
-40.4415
1.57162
35.3432
-39.4187
1.58629
35.3607
-40.3962
-1.57989
35.3458
-41.3655
-1.54857
35.3698
-42.4014
-1.54753
35.3938
-43.4184
-1.56209
35.3785
-42.417
1.60088
35.3452
-41.3909
1.59172
35.3155
-40.4258
1.56695
35.3347
-39.4392
1.57205
34.3204
-39.4343
-3.13879
33.3193
-39.434
-3.13286
32.3317
-39.452
3.12615
31.3402
-39.458
3.135
30.3636
-39.4483
-3.13543
29.3244
-39.4139
3.13734
28.346
-39.4533
-3.14039
27.3277
-39.4052
3.11739
28.3496
-39.4337
-0.00457445
29.3555
-39.409
-0.00315279
30.3476
-39.4283
-0.00696546
31.3341
-39.4483
0.0168591
30.3437
-39.4513
3.1389
29.3634
-39.4256
3.12552
28.3697
-39.42
-3.12195
27.3628
-39.4607
-3.12614
27.3306
-38.4677
1.58149
27.3235
-37.4751
1.57175
27.3139
-36.4682
1.58205
27.3303
-35.4528
1.55633
28.3407
-35.4664
0.0104949
29.3771
-35.4614
0.0133883
30.3597
-35.4203
0.0111178
31.3541
-35.4158
0.0453883
31.3573
-34.4129
1.58377
31.3246
-33.4183
1.59561
31.3002
-32.4419
1.5584
31.3495
-31.4086
1.57324
31.3296
-32.4293
-1.58422
31.3136
-33.4203
-1.55973
31.3183
-34.4184
-1.58911
31.2902
-35.4408
-1.58822
30.327
-35.4503
-3.1405
29.3088
-35.4369
-3.13456
28.3262
-35.4559
-3.13393
27.3188
-35.4528
-3.13625
27.3264
-34.4754
1.56051
27.3326
-33.4872
1.57545
27.3235
-32.4873
1.59236
27.3043
-31.4556
1.58972
26.2828
-31.4905
3.12684
25.2758
-31.471
-3.12584
24.2598
-31.4156
-3.11245
23.267
-31.4502
-3.11167
23.2569
-30.4826
1.5833
23.263
-29.4898
1.58846
23.2456
-28.4744
1.58521
23.1903
-27.4931
1.60769
23.2472
-28.4898
-1.53915
23.2669
-29.5049
-1.55992
23.2702
-30.5027
-1.56224
23.2658
-31.4458
-1.54556
23.2671
-30.4824
1.58798
23.2782
-29.5039
1.58367
23.2433
-28.4759
1.59199
23.2581
-27.4741
1.56037
24.2398
-27.4703
0.0149927
25.2467
-27.4718
-0.010829
26.2294
-27.458
-0.0131339
27.2454
-27.4865
-0.0210891
27.2642
-26.4886
1.56659
27.2662
-25.4885
1.56618
27.2669
-24.4834
1.57397
27.2673
-23.4871
1.54847
26.2457
-23.4641
3.13948
25.2607
-23.4965
-3.13727
24.2459
-23.4866
3.14153
23.2548
-23.487
3.1367
23.2688
-24.4948
-1.59371
23.2593
-25.5053
-1.56178
23.2601
-26.5074
-1.56052
23.2487
-27.5235
-1.56334
23.2574
-28.5003
-1.55207
23.2648
-29.4878
-1.56884
23.2894
-30.5061
-1.56058
23.2927
-31.5021
-1.54386
24.2572
-31.4894
0.0510575
25.2946
-31.4452
0.00945898
26.2896
-31.4405
-0.0100059
27.3176
-31.4749
0.0193362
27.337
-32.4779
-1.57919
27.3296
-33.4753
-1.57718
27.3425
-34.4945
-1.57239
27.3301
-35.487
-1.57055
27.331
-34.4569
1.56559
27.3366
-33.4763
1.58651
27.2922
-32.4807
1.59183
27.3062
-31.4818
1.57295
27.3352
-32.4724
-1.57128
27.3178
-33.4733
-1.5699
27.3218
-34.4587
-1.57515
27.3239
-35.434
-1.53162
28.335
-35.3842
0.00330831
29.3362
-35.3791
-0.0106727
30.3158
-35.4447
0.00366896
31.328
-35.4512
-0.016436
30.307
-35.4132
-3.13667
29.32
-35.4013
-3.11797
28.3411
-35.4491
-3.13132
27.3108
-35.4674
3.1396
28.3501
-35.4335
0.0167741
29.3187
-35.3909
-0.000961511
30.3159
-35.4521
0.0214772
31.3181
-35.4498
0.0146636
30.3236
-35.4587
-3.13643
29.292
-35.4613
-3.13142
28.3044
-35.4943
-3.12558
27.3002
-35.5008
-3.12457
28.3107
-35.4834
0.00476558
29.3103
-35.4811
0.00395913
30.2969
-35.421
0.00495861
31.2909
-35.4175
0.0348497
31.3313
-36.4055
-1.56055
31.3257
-37.4027
-1.57874
31.3029
-38.4237
-1.5545
31.3387
-39.4455
-1.58465
31.3565
-38.447
1.5497
31.356
-37.4114
1.54936
31.3283
-36.4179
1.57225
31.317
-35.4306
1.59522
31.3266
-36.4284
-1.57435
31.3325
-37.4099
-1.5579
31.3303
-38.4385
-1.55675
31.3353
-39.423
-1.55474
31.2938
-38.3951
1.58345
31.2922
-37.4276
1.56147
31.3069
-36.4266
1.5502
31.3166
-35.4285
1.51704
32.3259
-35.488
0.00384732
33.3251
-35.4267
0.0349088
34.344
-35.4055
-2.21994e-05
35.311
-35.4037
-0.00379898
35.3188
-36.4263
-1.59381
35.3287
-37.4483
-1.57653
35.3313
-38.4233
-1.5826
35.3175
-39.4409
-1.55872
34.3512
-39.4701
3.10991
33.325
-39.4307
-3.12814
32.3356
-39.4223
-3.1371
31.3291
-39.4423
3.11349
31.3314
-40.4619
-1.5804
31.3549
-41.4638
-1.5703
31.3628
-42.4373
-1.55787
31.3526
-43.4257
-1.56802
32.3616
-43.4216
-0.0127598
33.3581
-43.4357
-0.0356093
34.3472
-43.4503
-0.022312
35.3478
-43.4675
0.000937017
34.3036
-43.4345
3.10284
33.3417
-43.3932
3.13453
32.3745
-43.4006
-3.14067
31.3557
-43.4378
-3.11868
31.3584
-42.4219
1.58639
31.3373
-41.4367
1.5715
31.3462
-40.4473
1.57202
31.3297
-39.417
1.59264
31.3394
-38.4256
1.58906
31.2887
-37.4417
1.56642
31.2904
-36.4156
1.56999
31.2925
-35.4292
1.59349
31.3196
-36.4422
-1.58334
31.3244
-37.4462
-1.57875
31.3121
-38.4416
-1.57208
31.3166
-39.439
-1.57008
31.2955
-38.4625
1.57924
31.3225
-37.4417
1.57319
31.3207
-36.4373
1.5683
31.3206
-35.4383
1.56952
31.3312
-36.4439
-1.54941
31.3405
-37.4237
-1.57882
31.3394
-38.4391
-1.56279
31.3263
-39.4493
-1.55406
31.3241
-38.4197
1.56938
31.3074
-37.4484
1.57954
31.3079
-36.4133
1.57204
31.3235
-35.4238
1.58375
30.3157
-35.4474
-3.12552
29.321
-35.4353
-3.13101
28.3107
-35.4466
-3.13333
27.3115
-35.4814
-3.11423
27.3224
-36.48
-1.58433
27.3327
-37.4699
-1.57142
27.3389
-38.4503
-1.56374
27.35
-39.4299
-1.58194
28.3523
-39.4201
0.0138081
29.371
-39.4194
-0.020233
30.3252
-39.435
0.0160013
31.3128
-39.3913
0.0397773
30.32
-39.4095
-3.1268
29.3349
-39.4281
3.14157
28.3671
-39.4429
-3.13689
27.3442
-39.4615
-3.13403
26.3672
-39.4822
-3.12954
25.3499
-39.5046
-3.13027
24.3944
-39.5341
-3.11014
23.362
-39.5097
-3.13683
24.3587
-39.529
0.0152191
25.3552
-39.4864
0.010595
26.35
-39.4368
0.0260937
27.3101
-39.4441
0.0231984
26.3475
-39.4599
-3.12406
25.3784
-39.4751
-3.09668
24.3887
-39.5023
-3.10322
23.3753
-39.5081
3.13707
23.4098
-40.4704
-1.55789
23.4071
-41.476
-1.58203
23.4087
-42.4929
-1.57239
23.4189
-43.5227
-1.55894
22.3877
-43.5253
-3.13883
21.3983
-43.5419
-3.12396
20.3863
-43.5582
-3.13169
19.394
-43.5463
3.14142
20.3523
-43.5745
0.0312574
21.3106
-43.5438
0.0146126
22.3756
-43.5348
-0.00372922
23.3797
-43.5171
0.0109532
23.3976
-42.5078
1.57518
23.3797
-41.5223
1.58116
23.3774
-40.4886
1.57572
23.3626
-39.5209
1.57191
22.3612
-39.5089
-3.123
21.356
-39.5187
-3.12502
20.359
-39.5352
-3.12091
19.3792
-39.5695
-3.11424
20.3507
-39.5239
-0.00121588
21.3494
-39.5341
0.0271377
22.3465
-39.5131
0.00973717
23.3162
-39.5448
0.0241361
23.3715
-40.5302
-1.55014
23.4274
-41.5079
-1.56409
23.3975
-42.5178
-1.57154
23.3965
-43.5249
-1.5423
22.3678
-43.5485
3.1345
21.3927
-43.5379
3.1391
20.4047
-43.5512
-3.13174
19.3941
-43.5533
3.14031
20.4086
-43.5757
0.0341183
21.4262
-43.5138
0.0101566
22.3994
-43.5152
0.0559326
23.4232
-43.4827
0.0185411
22.4175
-43.5252
-3.11603
21.4164
-43.5526
-3.12917
20.3805
-43.5769
3.13726
19.4038
-43.5757
-3.1251
19.3985
-42.5554
1.57972
19.4034
-41.538
1.58471
19.4144
-40.5341
1.61025
19.3791
-39.5165
1.57939
19.3327
-38.5203
1.58207
19.3288
-37.5296
1.5929
19.31
-36.5085
1.58872
19.3337
-35.5174
1.59259
18.3183
-35.5339
-3.12663
17.329
-35.5438
-3.11008
16.3165
-35.55
-3.11642
15.3411
-35.5659
3.13862
15.3305
-34.5949
1.57635
15.2979
-33.5738
1.57804
15.3028
-32.5956
1.57422
15.2768
-31.5602
1.58764
14.2747
-31.5846
3.1288
13.2799
-31.5955
-3.11922
12.2904
-31.5971
-3.10848
11.2777
-31.6377
-3.13485
10.2982
-31.6289
3.11821
9.31197
-31.6104
3.11317
8.30087
-31.5486
3.08991
7.32293
-31.5672
3.10185
8.31969
-31.5942
-0.0463116
9.28338
-31.6186
-0.0043763
10.2928
-31.6153
0.00488751
11.3111
-31.6018
0.0112521
11.285
-32.5987
-1.55161
11.2846
-33.5945
-1.53869
11.3041
-34.5675
-1.553
11.3519
-35.5509
-1.54952
10.3198
-35.5656
3.12587
9.3105
-35.5464
3.13201
8.28122
-35.5582
3.12195
7.3079
-35.5632
3.13795
8.34183
-35.5572
0.00367031
9.34785
-35.5498
-0.00850608
10.3347
-35.5504
0.0103954
11.3027
-35.5513
0.0223192
11.2694
-36.5503
-1.53445
11.3536
-37.5534
-1.55592
11.3615
-38.574
-1.57398
11.3768
-39.5449
-1.56897
12.3594
-39.5247
0.044109
13.3613
-39.5075
0.00190191
14.3824
-39.5286
-0.00501625
15.375
-39.5426
0.0271611
14.3652
-39.5443
3.12886
13.3719
-39.5126
3.13856
12.3731
-39.5327
3.14124
11.3806
-39.5562
-3.13367
12.3716
-39.53
0.00311894
13.3885
-39.5236
-0.0276545
14.3785
-39.5418
-0.0163608
15.3341
-39.5501
-0.000342942
15.3442
-40.5759
-1.57912
15.3314
-41.6141
-1.56297
15.3122
-42.62
-1.53838
15.3752
-43.6146
-1.53594
16.3599
-43.5718
0.0188151
17.3877
-43.5891
0.00475287
18.3829
-43.5618
-0.0122736
19.4068
-43.578
-0.00437969
19.3888
-42.5666
1.5777
19.3913
-41.5613
1.59236
19.3988
-40.5382
1.60903
19.3832
-39.5445
1.60943
18.3904
-39.5503
-3.13305
17.3701
-39.5408
-3.13358
16.3521
-39.5737
-3.13259
15.3409
-39.612
-3.13753
15.3587
-40.5781
-1.58107
15.3488
-41.5696
-1.56602
15.3282
-42.5578
-1.5736
15.367
-43.5629
-1.54627
15.3255
-42.5811
1.58368
15.3249
-41.576
1.56788
15.3215
-40.5757
1.55376
15.3476
-39.574
1.56625
16.3413
-39.5798
-0.00289564
17.3298
-39.5836
0.0153189
18.3361
-39.5825
0.0175505
19.3235
-39.5518
0.0342516
19.3701
-40.5621
-1.53493
19.4374
-41.5352
-1.56423
19.4408
-42.5594
-1.5827
19.4154
-43.5644
-1.57973
19.3991
-42.5597
1.5441
19.4212
-41.5649
1.55495
19.4062
-40.5503
1.58452
19.3753
-39.5447
1.57243
20.3494
-39.536
-0.0269433
21.3516
-39.5265
-0.0147821
22.3282
-39.5225
0.0309201
23.3577
-39.4544
0.0312188
23.4269
-40.4889
-1.57824
23.4075
-41.4736
-1.59083
23.3851
-42.4756
-1.59076
23.3649
-43.4833
-1.56412
23.4013
-42.5025
1.57448
23.3887
-41.506
1.56125
23.3764
-40.4769
1.5379
23.3746
-39.4919
1.58109
22.3477
-39.5446
-3.14107
21.3648
-39.5279
3.13129
20.3553
-39.5143
3.11446
19.3603
-39.5159
3.12915
20.3862
-39.5394
0.0255446
21.3539
-39.5243
0.00711904
22.3796
-39.5143
0.0230125
23.3842
-39.5054
0.0104208
23.428
-40.483
-1.56703
23.4011
-41.4864
-1.57202
23.3939
-42.4869
-1.56895
23.3828
-43.5175
-1.55087
24.3792
-43.4959
0.0185291
25.3726
-43.4767
0.0132117
26.3778
-43.4468
0.0268902
27.3678
-43.4611
0.0148184
27.3609
-42.4484
1.58447
27.3657
-41.4411
1.58149
27.3808
-40.4549
1.55868
27.3453
-39.4281
1.57949
27.367
-40.4405
-1.56815
27.3593
-41.442
-1.56147
27.3931
-42.4559
-1.57925
27.368
-43.4571
-1.56271
28.3707
-43.4438
-0.00145925
29.368
-43.4451
0.00597777
30.3504
-43.4507
0.0188633
31.3555
-43.4518
-0.00183854
31.3093
-42.4521
1.56667
31.3223
-41.4342
1.55573
31.3373
-40.3961
1.54509
31.3374
-39.4108
1.57732
32.3295
-39.4009
0.00340999
33.3157
-39.4007
-0.012653
34.3012
-39.4042
-0.00407693
35.3171
-39.4036
0.0327444
35.3037
-38.4334
1.58411
35.2944
-37.4188
1.57457
35.2924
-36.4333
1.5418
35.3509
-35.4416
1.56132
34.322
-35.4218
-3.12676
33.2865
-35.4464
-3.12663
32.3089
-35.426
-3.13612
31.3278
-35.4306
-3.13978
31.3341
-34.3938
1.58922
31.3287
-33.4193
1.55976
31.3372
-32.4315
1.57436
31.3293
-31.4128
1.55465
32.3403
-31.4528
0.0190147
33.3254
-31.3977
0.00206322
34.3361
-31.3966
0.00659268
35.2948
-31.3849
0.000755644
35.3517
-32.4058
-1.57457
35.3601
-33.411
-1.58123
35.3343
-34.4059
-1.57827
35.3443
-35.4063
-1.57628
34.313
-35.4201
-3.13039
33.2902
-35.4174
3.13197
32.3424
-35.3811
3.13612
31.3341
-35.42
-3.12549
32.328
-35.3951
0.0161447
33.3048
-35.4008
0.00614038
34.3019
-35.3993
0.00423135
35.3407
-35.4275
0.0120219
35.3208
-36.4436
-1.57637
35.2858
-37.4511
-1.58296
35.3058
-38.4288
-1.5646
35.31
-39.4377
-1.56042
36.3101
-39.4261
0.0143538
37.3022
-39.4099
0.0152425
38.3149
-39.3839
-0.00324612
39.2728
-39.3882
-0.00436464
38.2706
-39.3992
-3.12185
37.2488
-39.4014
-3.11803
36.2991
-39.4212
-3.11917
35.3338
-39.4554
-3.12697
36.2977
-39.3967
0.0194124
37.3089
-39.3937
0.0131881
38.2988
-39.3967
-0.00401585
39.3026
-39.3952
0.0104571
38.2866
-39.4006
-3.13963
37.2971
-39.4147
-3.13479
36.3179
-39.4256
-3.14026
35.3195
-39.4123
-3.11936
36.2903
-39.4348
0.00346952
37.2953
-39.4142
0.0240271
38.2766
-39.3856
0.0144748
39.2946
-39.3636
-0.00166318
39.2967
-38.39
1.58303
39.2781
-37.3729
1.566
39.3022
-36.3904
1.58222
39.2979
-35.3748
1.56016
39.2962
-36.3803
-1.58128
39.2638
-37.3936
-1.56657
39.2805
-38.4008
-1.55505
39.3028
-39.3717
-1.54958
38.3097
-39.389
-3.1349
37.3272
-39.3964
-3.12701
36.3166
-39.4037
-3.13304
35.334
-39.4085
3.13498
36.3144
-39.4208
0.0090542
37.3306
-39.411
0.0181529
38.308
-39.3878
0.0275564
39.3132
-39.3616
0.0140956
39.2978
-38.3637
1.55471
39.2976
-37.3567
1.57563
39.2968
-36.3721
1.55854
39.295
-35.4041
1.56252
40.2995
-35.4099
-0.0032877
41.2746
-35.4025
-0.00153559
42.2768
-35.4137
-0.00489754
43.2894
-35.4129
-0.00738239
43.2688
-36.43
-1.57898
43.2516
-37.4186
-1.57893
43.2608
-38.4398
-1.57483
43.2347
-39.4555
-1.59632
42.294
-39.4367
3.1085
41.2796
-39.4037
-3.13936
40.2776
-39.3951
3.13343
39.2884
-39.3906
3.11615
39.2907
-40.4141
-1.57517
39.2983
-41.4274
-1.54688
39.3152
-42.4201
-1.5125
39.3831
-43.3756
-1.5422
40.41
-43.3899
0.0460918
41.3953
-43.3379
0.0442872
42.4042
-43.2975
0.0377192
43.3973
-43.258
0.0577609
42.4154
-43.3136
-3.10668
41.4073
-43.3389
-3.11872
40.396
-43.3891
-3.10626
39.3796
-43.4115
-3.10801
38.3753
-43.4613
-3.12871
37.36
-43.4756
3.12658
36.381
-43.4567
3.12766
35.3761
-43.4515
-3.12275
35.3851
-42.4148
1.59221
35.3577
-41.41
1.58327
35.3401
-40.4219
1.58488
35.3236
-39.4265
1.58346
34.3526
-39.4416
-3.09414
33.3275
-39.4761
3.136
32.3144
-39.4536
3.13966
31.315
-39.4381
3.1322
31.3262
-38.411
1.56559
31.3101
-37.4121
1.56327
31.3093
-36.436
1.569
31.2897
-35.4559
1.58372
30.3471
-35.5039
-3.13956
29.337
-35.4619
3.12799
28.3289
-35.4748
-3.13389
27.3241
-35.4633
3.13724
27.3143
-34.4832
1.55976
27.3122
-33.4757
1.56719
27.3381
-32.494
1.5741
27.3131
-31.489
1.56781
27.3037
-32.468
-1.56762
27.3332
-33.4663
-1.59172
27.3267
-34.4765
-1.56613
27.3215
-35.4657
-1.58088
28.3315
-35.4713
0.0338986
29.3298
-35.433
0.0238868
30.3273
-35.4142
-0.0111115
31.3296
-35.4208
0.0124374
31.3165
-34.4362
1.58116
31.3384
-33.4536
1.59435
31.3164
-32.4611
1.57616
31.3359
-31.4168
1.56752
32.3478
-31.4178
0.00247453
33.3624
-31.4109
-0.000115595
34.3418
-31.4117
0.0173742
35.3155
-31.4014
0.000596239
35.2774
-30.3968
1.5549
35.2909
-29.3844
1.56159
35.3409
-28.392
1.57409
35.3173
-27.3936
1.54944
36.3321
-27.3874
-0.0151367
37.3406
-27.3964
-0.00926905
38.3275
-27.3738
0.00934937
39.3525
-27.3573
0.0138503
39.3012
-26.3992
1.5973
39.2585
-25.372
1.55932
39.2452
-24.392
1.55918
39.2736
-23.4009
1.58536
39.3048
-24.3875
-1.56857
39.3255
-25.3762
-1.54359
39.3752
-26.3819
-1.58937
39.3449
-27.4051
-1.57908
39.3472
-26.4042
1.56229
39.3513
-25.4003
1.60563
39.2973
-24.3886
1.58206
39.2994
-23.3675
1.57672
39.2748
-24.3803
-1.5561
39.3068
-25.3909
-1.55652
39.3203
-26.3914
-1.54329
39.3403
-27.3993
-1.5613
40.3047
-27.41
0.0207235
41.3228
-27.393
0.00546743
42.3022
-27.4059
0.000484094
43.3092
-27.4034
-0.00621885
42.3169
-27.4162
3.13145
41.3185
-27.3891
-3.12011
40.2712
-27.4354
-3.13954
39.3217
-27.4106
3.13008
39.3393
-26.4025
1.59599
39.2878
-25.4092
1.58458
39.2593
-24.3897
1.58501
39.2494
-23.3825
1.57983
39.2719
-24.3898
-1.52393
39.3027
-25.3751
-1.55865
39.2849
-26.3835
-1.57756
39.2913
-27.3907
-1.57596
39.3207
-26.4124
1.58346
39.289
-25.3791
1.5873
39.2868
-24.3782
1.60563
39.2683
-23.393
1.59963
40.252
-23.4084
0.0206299
41.2494
-23.3656
0.000719318
42.2481
-23.3366
-0.00880683
43.2484
-23.3633
0.00138865
42.2579
-23.38
-3.13337
41.2354
-23.3736
-3.11987
40.231
-23.382
3.13887
39.241
-23.3908
3.13909
40.2675
-23.3743
0.000763322
41.2618
-23.3483
-0.0215933
42.2506
-23.3665
-0.022711
43.2491
-23.3539
-0.0192865
42.2599
-23.3543
-3.13427
41.2524
-23.3719
-3.1281
40.2447
-23.3713
-3.12073
39.2638
-23.3866
-3.09554
39.3145
-24.4097
-1.54639
39.3341
-25.3758
-1.57351
39.3208
-26.4214
-1.55483
39.3322
-27.4137
-1.59423
38.3295
-27.413
3.14091
37.3412
-27.4116
3.12147
36.3641
-27.3762
-3.13362
35.3691
-27.3922
3.13132
36.3453
-27.4094
-0.00673865
37.3068
-27.4499
0.0026733
38.3306
-27.4193
-0.0160798
39.3402
-27.4258
-0.00592716
39.3352
-28.4121
-1.56813
39.3269
-29.4112
-1.57227
39.3207
-30.4091
-1.5742
39.3172
-31.4024
-1.59914
40.3586
-31.4336
-0.0112313
41.3449
-31.4197
-0.0244114
42.3391
-31.4715
-0.0297178
43.3364
-31.4791
-0.0368167
42.3662
-31.448
3.12693
41.3568
-31.407
3.13435
40.3331
-31.415
3.13489
39.3241
-31.4077
-3.1176
39.3241
-30.4271
1.58215
39.3207
-29.4399
1.57298
39.3259
-28.4088
1.58385
39.3065
-27.4421
1.57435
38.3148
-27.416
-3.13896
37.3396
-27.4199
3.12429
36.3399
-27.4272
3.12968
35.3419
-27.4554
-3.13914
35.3486
-28.4202
-1.58058
35.335
-29.3951
-1.571
35.343
-30.3762
-1.5898
35.3068
-31.3917
-1.58234
34.3773
-31.3833
-3.12294
33.3454
-31.4047
-3.11855
32.3331
-31.4368
-3.14037
31.3518
-31.4327
-3.12211
31.3492
-32.4407
-1.58353
31.3171
-33.4333
-1.57758
31.2831
-34.4519
-1.57118
31.3059
-35.4534
-1.57546
32.2837
-35.4157
0.00603102
33.316
-35.39
-0.00409677
34.3174
-35.409
-0.00987603
35.3504
-35.417
-0.00380388
35.3317
-34.4165
1.56775
35.3241
-33.4107
1.54617
35.3626
-32.4155
1.57702
35.3412
-31.4189
1.56452
34.3594
-31.4118
3.12381
33.3163
-31.4255
3.12448
32.3563
-31.4081
3.13235
31.3585
-31.4494
-3.136
31.3619
-32.4533
-1.58068
31.3461
-33.463
-1.58165
31.309
-34.4578
-1.58339
31.3196
-35.4401
-1.57891
31.3306
-34.4447
1.55372
31.3469
-33.4174
1.56275
31.3359
-32.4146
1.5971
31.308
-31.4405
1.57714
32.3481
-31.427
-0.0178571
33.3415
-31.4134
-0.01083
34.336
-31.3881
-0.00151003
35.3441
-31.4041
0.00309407
34.3408
-31.4095
-3.1383
33.3381
-31.3996
-3.13576
32.3483
-31.4138
-3.13426
31.3411
-31.4215
-3.14114
31.3371
-30.4083
1.57175
31.3441
-29.4434
1.57324
31.3275
-28.4097
1.58275
31.3251
-27.4053
1.58841
32.316
-27.4031
0.0357526
33.3199
-27.3516
0.00697226
34.3103
-27.3732
-0.0148453
35.345
-27.3901
0.00214107
35.3395
-28.3945
-1.55324
35.3364
-29.4015
-1.56186
35.3371
-30.4167
-1.57774
35.3503
-31.3599
-1.55555
35.2949
-30.3647
1.56232
35.308
-29.3761
1.58852
35.3041
-28.4046
1.58452
35.3215
-27.3841
1.56271
34.3242
-27.3808
3.11754
33.3258
-27.332
-3.11829
32.333
-27.3862
-3.11231
31.3139
-27.4042
-3.13234
31.3017
-28.4259
-1.56192
31.3456
-29.4158
-1.5625
31.3332
-30.3903
-1.55103
31.3839
-31.3728
-1.56469
32.4096
-31.363
-0.00903816
33.3991
-31.3865
-0.0219077
34.3477
-31.4219
-0.0213696
35.3496
-31.414
-0.0100481
35.3378
-32.4104
-1.56425
35.3432
-33.4026
-1.58286
35.3303
-34.3982
-1.58225
35.3274
-35.3879
-1.58701
36.3222
-35.4188
-0.00965048
37.3151
-35.4257
0.000164757
38.3112
-35.4239
0.00922741
39.3054
-35.4276
0.000807376
40.3209
-35.423
-0.00920761
41.3124
-35.4202
0.00612253
42.275
-35.4161
-0.0159704
43.2698
-35.4092
0.0142475
43.2948
-36.3905
-1.59057
43.2634
-37.408
-1.58461
43.2263
-38.4123
-1.57296
43.2193
-39.4235
-1.58305
43.2566
-38.4165
1.57514
43.2785
-37.4051
1.57601
43.2862
-36.4044
1.5469
43.273
-35.3925
1.56394
42.2478
-35.4138
3.11038
41.2784
-35.4017
3.12236
40.2897
-35.3742
-3.12344
39.2969
-35.414
3.12841
39.2799
-34.4095
1.57458
39.275
-33.4553
1.56199
39.274
-32.4115
1.54861
39.3147
-31.448
1.54379
38.3288
-31.446
3.13139
37.3296
-31.4405
-3.13117
36.3067
-31.4336
-3.14124
35.2967
-31.4182
-3.13477
35.3219
-32.4175
-1.55934
35.3411
-33.4016
-1.56655
35.3598
-34.4009
-1.58034
35.2965
-35.3856
-1.60142
34.2901
-35.3437
3.13248
33.3157
-35.3735
-3.09687
32.3257
-35.4354
-3.10574
31.3283
-35.4356
-3.13886
31.3257
-36.4372
-1.55065
31.3197
-37.4245
-1.56675
31.343
-38.4176
-1.57386
31.345
-39.4045
-1.55995
30.3422
-39.4026
-3.1378
29.3257
-39.4223
-3.13959
28.3364
-39.4245
-3.11756
27.3648
-39.429
-3.09633
26.3664
-39.4798
-3.10284
25.3516
-39.4728
-3.12586
24.3459
-39.5019
-3.12608
23.3618
-39.4925
-3.12404
23.3821
-40.5044
-1.55639
23.3459
-41.4999
-1.54057
23.3727
-42.4982
-1.56341
23.3677
-43.4975
-1.54464
23.3436
-42.4739
1.56685
23.3709
-41.4908
1.54321
23.3516
-40.4817
1.57004
23.3607
-39.4719
1.58821
23.3481
-38.5021
1.58479
23.3611
-37.4852
1.57042
23.3409
-36.4973
1.58042
23.3485
-35.4977
1.58342
24.315
-35.497
0.0270809
25.3378
-35.4724
0.0154251
26.3418
-35.489
0.00641575
27.3421
-35.4801
-0.00160777
26.3429
-35.4635
-3.13982
25.3353
-35.4519
-3.12908
24.315
-35.4795
-3.13044
23.3086
-35.4996
-3.13078
23.3221
-34.5212
1.60671
23.3012
-33.5014
1.56935
23.2878
-32.4811
1.573
23.2763
-31.4858
1.58126
24.2984
-31.5077
0.0467304
25.2926
-31.4604
0.0463535
26.2741
-31.4205
0.0334379
27.2827
-31.4158
0.0144404
26.2899
-31.4219
-3.12294
25.2929
-31.4934
-3.13695
24.2681
-31.4952
-3.13712
23.2801
-31.4894
3.13746
23.2921
-32.4944
-1.57936
23.3151
-33.5086
-1.57015
23.3315
-34.5144
-1.57219
23.3217
-35.5281
-1.53314
23.3487
-36.5215
-1.54818
23.3595
-37.4773
-1.58353
23.3242
-38.498
-1.54191
23.3323
-39.4914
-1.55629
22.33
-39.522
-3.12022
21.3188
-39.533
-3.13926
20.3545
-39.5267
3.13793
19.3702
-39.5314
3.13215
18.3742
-39.5588
3.12839
17.3535
-39.5657
3.12568
16.361
-39.5655
3.14055
15.3492
-39.5661
3.13503
15.3417
-38.562
1.58446
15.2923
-37.5609
1.58684
15.298
-36.57
1.57433
15.3097
-35.5679
1.5797
16.3101
-35.5637
0.00452758
17.3018
-35.5483
0.0170714
18.3217
-35.5255
0.0134574
19.3075
-35.525
0.00316322
19.3323
-36.5309
-1.57581
19.3307
-37.5029
-1.58991
19.3422
-38.5289
-1.55799
19.3554
-39.5363
-1.55847
20.3254
-39.5258
-0.00442434
21.3271
-39.4919
-0.00497007
22.3302
-39.5041
0.0161198
23.2956
-39.5247
0.027278
23.3474
-40.4979
-1.54199
23.3746
-41.4661
-1.54464
23.3914
-42.4837
-1.54598
23.3993
-43.4913
-1.56607
23.3776
-42.5084
1.58693
23.3771
-41.5243
1.5859
23.3564
-40.5331
1.56422
23.3716
-39.5116
1.58228
24.3732
-39.4522
0.0019025
25.3445
-39.4901
0.00324009
26.3524
-39.4713
0.0228278
27.3385
-39.443
0.00919069
27.3104
-38.454
1.56074
27.322
-37.4727
1.53597
27.3326
-36.487
1.57847
27.3169
-35.5094
1.60443
28.3204
-35.4673
0.00375099
29.2964
-35.4401
0.00839317
30.2802
-35.4578
0.0200893
31.3295
-35.4292
-0.00544999
31.3276
-34.4225
1.55453
31.3183
-33.4269
1.57939
31.3286
-32.4411
1.59134
31.3415
-31.4435
1.56575
31.3278
-32.4292
-1.55902
31.3298
-33.4319
-1.57616
31.3301
-34.4387
-1.567
31.3083
-35.4332
-1.55933
31.2956
-34.4405
1.57067
31.3234
-33.4248
1.55036
31.34
-32.4304
1.55281
31.344
-31.4325
1.57664
30.3631
-31.4602
3.13716
29.3404
-31.4266
-3.12037
28.3452
-31.4473
3.14145
27.3655
-31.4618
-3.12522
27.3418
-32.4642
-1.57479
27.3317
-33.4827
-1.57754
27.3236
-34.4931
-1.56087
27.3238
-35.4718
-1.57533
26.3449
-35.4838
3.13208
25.3296
-35.5055
3.13488
24.336
-35.5085
-3.1352
23.3415
-35.5052
3.12935
22.3286
-35.5139
-3.13925
21.3151
-35.5337
3.12233
20.3509
-35.5097
-3.1264
19.3291
-35.521
-3.13454
19.329
-34.5358
1.60543
19.3119
-33.5791
1.5849
19.322
-32.5575
1.57818
19.3027
-31.5415
1.57304
19.317
-32.5358
-1.56624
19.3044
-33.5453
-1.53296
19.3479
-34.4954
-1.55094
19.3366
-35.5242
-1.55313
18.323
-35.5537
-3.12652
17.3415
-35.5847
-3.1309
16.3394
-35.5922
3.12592
15.3225
-35.5517
3.13689
16.3292
-35.5719
0.0211371
17.3407
-35.551
0.00997556
18.3581
-35.5226
-0.00520618
19.3501
-35.5374
0.0027483
19.3518
-34.5331
1.562
19.3428
-33.5231
1.59685
19.3123
-32.5472
1.58642
19.3025
-31.5352
1.59389
18.3166
-31.5601
-3.14143
17.2766
-31.5801
-3.12922
16.2835
-31.5922
-3.14047
15.2957
-31.6007
-3.13313
15.3245
-32.5578
-1.59033
15.3239
-33.5883
-1.55625
15.37
-34.564
-1.58066
15.4013
-35.5238
-1.60664
15.39
-36.5615
-1.60906
15.3526
-37.5631
-1.59693
15.345
-38.5518
-1.57544
15.345
-39.531
-1.57564
14.3704
-39.5235
-3.1394
13.3731
-39.5287
3.13261
12.361
-39.5267
-3.13677
11.371
-39.534
-3.13179
11.4067
-40.5288
-1.55334
11.4319
-41.52
-1.53594
11.429
-42.5199
-1.53687
11.4544
-43.5182
-1.54175
10.4629
-43.5375
-3.11964
9.43896
-43.5677
-3.11951
8.44493
-43.603
-3.08396
7.44058
-43.6475
-3.109
8.41434
-43.6413
0.0231791
9.4499
-43.5832
0.0138399
10.4465
-43.5726
0.0180817
11.4711
-43.5224
0.0133305
11.4281
-42.5303
1.5989
11.4107
-41.5097
1.607
11.3737
-40.5204
1.59748
11.3871
-39.5072
1.59971
10.3432
-39.5294
-3.1283
9.37732
-39.556
-3.12721
8.37885
-39.5514
-3.1227
7.3746
-39.5591
-3.12801
7.36239
-38.5558
1.57498
7.35446
-37.558
1.57261
7.37429
-36.5932
1.59178
7.3545
-35.5804
1.59644
6.36493
-35.5918
-3.13805
5.35205
-35.5849
-3.13137
4.3377
-35.5943
-3.1318
3.3896
-35.5848
-3.13121
3.3999
-36.565
-1.56219
3.38297
-37.5753
-1.56353
3.34738
-38.5588
-1.55063
3.38151
-39.6006
-1.57279
3.35156
-38.5857
1.56351
3.34883
-37.5947
1.55346
3.35138
-36.6074
1.55453
3.36683
-35.5978
1.5848
2.38881
-35.5935
-3.1285
1.35373
-35.6134
-3.13769
0.385085
-35.5665
-3.1367
-0.651639
-35.5678
3.13678
-0.66118
-34.5696
1.56511
-0.683138
-33.5635
1.57565
-0.680609
-32.5636
1.58826
-0.670684
-31.5437
1.542
0.31878
-31.5721
-0.0243085
1.26943
-31.6238
-0.0211239
2.27072
-31.6121
-0.00328244
3.30336
-31.6503
-0.0376319
2.26109
-31.6341
3.12883
1.30138
-31.6513
3.10641
0.296074
-31.6145
3.1229
-0.721525
-31.5741
3.1199
-0.704698
-30.5773
1.57211
-0.708231
-29.5827
1.56713
-0.689961
-28.61
1.58323
-0.69634
-27.5962
1.59704
-1.74734
-27.5948
-3.12267
-2.73446
-27.5892
-3.12123
-3.78077
-27.6371
3.13688
-4.75725
-27.6128
3.14142
-4.71989
-28.6138
-1.54957
-4.6958
-29.6204
-1.55521
-4.68284
-30.6228
-1.56245
-4.67653
-31.6278
-1.5549
-3.69141
-31.5938
0.00864938
-2.68688
-31.57
0.0161143
-1.67961
-31.5703
0.0263173
-0.683816
-31.5667
-0.00230464
-0.6718
-32.6062
-1.58451
-0.702161
-33.6186
-1.5684
-0.677387
-34.6126
-1.55164
-0.63159
-35.5758
-1.56908
0.355572
-35.5509
-0.0279432
1.37745
-35.5586
-0.0258574
2.36477
-35.6337
0.0124873
3.35431
-35.5964
0.0196964
3.36827
-36.5972
-1.56538
3.3596
-37.6082
-1.56344
3.36243
-38.6462
-1.59305
3.36281
-39.5962
-1.58633
2.36408
-39.6008
3.11491
1.37028
-39.5897
3.13125
0.347332
-39.5647
3.08671
-0.65859
-39.5678
3.1224
0.35917
-39.5852
-0.0187466
1.35402
-39.5748
-0.0167625
2.38696
-39.5842
-0.0218814
3.38093
-39.6386
0.00405087
4.39796
-39.6512
0.0241961
5.37986
-39.6078
0.0294177
6.35982
-39.5694
0.00447524
7.35164
-39.5505
-0.0207779
8.34616
-39.5473
-0.00261765
9.37283
-39.5472
0.0263698
10.364
-39.5353
0.0179529
11.3581
-39.5421
-0.00116329
11.3607
-38.5197
1.58271
11.36
-37.5228
1.57856
11.3467
-36.5165
1.58249
11.3536
-35.535
1.57322
12.3641
-35.5335
-0.00505105
13.3147
-35.5473
0.0122323
14.2979
-35.5533
0.0210761
15.3334
-35.577
0.0179888
15.3611
-34.5968
1.58744
15.3255
-33.643
1.56416
15.2908
-32.629
1.54956
15.3234
-31.617
1.56575
14.3151
-31.5802
-3.1325
13.2587
-31.6055
3.12542
12.2564
-31.5745
3.11997
11.2795
-31.5275
3.10125
12.2816
-31.5925
0.00482379
13.2604
-31.5733
-0.0188813
14.2815
-31.5645
-0.00672624
15.2894
-31.5828
0.0168472
15.2993
-32.5546
-1.55732
15.3142
-33.5591
-1.54937
15.352
-34.5694
-1.55295
15.3433
-35.5751
-1.56224
15.3448
-34.6038
1.58339
15.3262
-33.574
1.57604
15.3277
-32.5895
1.57606
15.3073
-31.5907
1.59798
14.3194
-31.5904
-3.13206
13.3259
-31.6431
3.12826
12.306
-31.6296
3.13194
11.2917
-31.6562
3.13246
11.3033
-30.6506
1.57866
11.2893
-29.6663
1.57486
11.2974
-28.6556
1.56536
11.315
-27.6499
1.59849
12.3098
-27.6271
0.0207478
13.3123
-27.628
0.0349161
14.3251
-27.6081
0.0486182
15.3302
-27.582
0.014232
16.3165
-27.5827
0.00664095
17.3041
-27.545
0.00793671
18.3287
-27.5476
0.00625834
19.3068
-27.5735
0.0372893
18.2909
-27.5815
-3.12949
17.3126
-27.5718
3.13843
16.3332
-27.5692
3.13071
15.3194
-27.5799
3.11861
15.3228
-28.5845
-1.55709
15.3333
-29.5927
-1.57428
15.336
-30.5651
-1.58807
15.3219
-31.5933
-1.57707
15.2997
-32.5835
-1.57621
15.2798
-33.5131
-1.53883
15.3129
-34.57
-1.54303
15.3388
-35.5966
-1.55597
15.2938
-34.5853
1.5907
15.2961
-33.5798
1.58211
15.3183
-32.5771
1.57232
15.3066
-31.5783
1.56136
15.3179
-32.5855
-1.59159
15.3031
-33.6005
-1.56996
15.3486
-34.5733
-1.57761
15.3191
-35.5704
-1.58918
15.3171
-34.5709
1.55562
15.3076
-33.5732
1.58196
15.2975
-32.5468
1.58794
15.2344
-31.5851
1.55065
16.2661
-31.6097
0.0106021
17.2798
-31.6011
0.0035314
18.2866
-31.599
0.00712787
19.2958
-31.5687
-0.00250445
19.3173
-32.5283
-1.56841
19.3241
-33.5164
-1.56774
19.2991
-34.4956
-1.56111
19.3248
-35.5213
-1.57007
20.323
-35.5198
-0.00535624
21.3013
-35.5188
0.00695464
22.3233
-35.5432
0.0366788
23.3086
-35.477
0.0214488
22.3369
-35.5231
-3.14041
21.3541
-35.5197
-3.12645
20.3361
-35.54
-3.13338
19.3481
-35.5301
-3.12897
19.3264
-34.536
1.57907
19.3216
-33.5144
1.57349
19.3134
-32.5262
1.56407
19.2901
-31.5432
1.59777
18.2905
-31.5569
-3.11132
17.27
-31.5732
-3.10546
16.2797
-31.5948
3.12485
15.3004
-31.5737
-3.13822
16.3066
-31.5923
0.00993624
17.3057
-31.559
0.00585391
18.2909
-31.5466
0.0353902
19.3124
-31.5408
-0.00963018
19.3096
-32.5268
-1.5749
19.3275
-33.5581
-1.56352
19.3072
-34.5026
-1.57248
19.3138
-35.5121
-1.58457
19.3358
-34.5264
1.58097
19.3107
-33.5112
1.56216
19.3107
-32.5042
1.56774
19.3157
-31.5413
1.58865
20.2981
-31.5249
0.0090835
21.3114
-31.5029
0.0175369
22.2856
-31.5181
0.0280575
23.2726
-31.5199
0.00733374
22.277
-31.5172
-3.10342
21.3078
-31.537
-3.12216
20.3095
-31.5391
-3.13358
19.2834
-31.5434
-3.13318
20.2873
-31.5409
0.00078976
21.3111
-31.5211
0.0289225
22.269
-31.514
0.000816364
23.2693
-31.4832
0.0350267
23.2898
-32.4535
-1.55026
23.3053
-33.4753
-1.5979
23.2634
-34.4983
-1.58865
23.2977
-35.4954
-1.56651
23.3115
-34.4778
1.57121
23.3177
-33.4954
1.58898
23.2912
-32.5144
1.5645
23.2964
-31.4937
1.58937
24.2959
-31.4936
0.0159837
25.3002
-31.4442
0.0230088
26.29
-31.4117
-0.0123924
27.318
-31.4464
0.0070147
27.3136
-30.4598
1.5889
27.2759
-29.4613
1.59182
27.2339
-28.4678
1.57738
27.2574
-27.4596
1.57623
26.239
-27.4872
-3.13965
25.2179
-27.471
-3.12643
24.2275
-27.4621
-3.11403
23.262
-27.4885
-3.13184
24.2403
-27.4918
0.0404791
25.2225
-27.465
0.00696189
26.2475
-27.4338
-0.0282863
27.2481
-27.4194
0.0309506
26.2712
-27.4217
-3.12058
25.2344
-27.4419
-3.10408
24.2454
-27.4944
-3.10967
23.2377
-27.513
-3.11903
24.2607
-27.4853
0.0260691
25.225
-27.4536
0.0211665
26.2087
-27.4348
0.02164
27.2663
-27.428
0.00134917
27.2609
-28.451
-1.56229
27.2644
-29.4189
-1.54172
27.2921
-30.4267
-1.54005
27.313
-31.4666
-1.55426
27.3426
-32.4685
-1.54905
27.3651
-33.4678
-1.57252
27.336
-34.4854
-1.56483
27.3272
-35.4551
-1.57779
27.3217
-34.4838
1.56474
27.3319
-33.4707
1.57264
27.3167
-32.445
1.56315
27.33
-31.4602
1.56047
27.3149
-32.4876
-1.58125
27.2963
-33.473
-1.55257
27.3147
-34.479
-1.5501
27.3111
-35.4903
-1.51959
28.3179
-35.4791
0.0430913
29.3247
-35.4046
0.0488406
30.3295
-35.3898
-0.00492643
31.3387
-35.4188
0.00587365
30.341
-35.431
-3.1333
29.3272
-35.4342
3.13728
28.314
-35.4489
-3.13587
27.3219
-35.4737
-3.13161
28.3164
-35.4801
0.0142736
29.3262
-35.4589
-0.00138252
30.2992
-35.4417
0.00214663
31.3198
-35.424
-0.0186136
31.3054
-36.4326
-1.57626
31.2852
-37.4503
-1.56927
31.3214
-38.4593
-1.55069
31.3147
-39.4628
-1.57896
30.3089
-39.4504
3.13002
29.3114
-39.4394
3.13393
28.321
-39.4346
-3.11854
27.3104
-39.4548
-3.14083
28.3501
-39.4761
0.0123896
29.3338
-39.4393
0.0150374
30.3289
-39.4503
0.00560708
31.3503
-39.453
0.0248568
32.3366
-39.4246
-0.00530288
33.293
-39.4211
-0.00617652
34.3213
-39.4038
0.000648987
35.3253
-39.4084
0.00066009
35.3099
-38.4316
1.57031
35.3316
-37.4228
1.57885
35.3233
-36.394
1.58346
35.2996
-35.3894
1.58466
34.2849
-35.3972
-3.1371
33.2849
-35.3407
-3.14099
32.2765
-35.3555
-3.13801
31.301
-35.3773
-3.12203
32.2719
-35.3574
-0.00796157
33.2897
-35.3231
-0.0287478
34.277
-35.3716
-0.0313515
35.3163
-35.3982
-0.0056896
35.3424
-36.4199
-1.59914
35.3063
-37.4357
-1.58443
35.3272
-38.4485
-1.55567
35.3262
-39.4558
-1.5443
36.3296
-39.4079
0.00708601
37.31
-39.4094
0.00821543
38.3026
-39.3834
0.00821541
39.3035
-39.3826
0.00238583
38.2835
-39.3922
3.12763
37.2815
-39.4085
3.14155
36.2947
-39.3948
-3.13721
35.315
-39.4153
3.1408
35.3047
-38.4174
1.57328
35.3436
-37.4044
1.59791
35.3093
-36.3714
1.58142
35.3269
-35.3756
1.5856
35.2845
-36.379
-1.55739
35.289
-37.4143
-1.58687
35.3112
-38.4032
-1.55351
35.3137
-39.4163
-1.56463
36.3209
-39.434
0.0112363
37.3235
-39.4134
0.029659
38.2808
-39.4019
-0.0159769
39.2772
-39.4038
0.00608399
39.2906
-38.3896
1.57904
39.2966
-37.3841
1.57193
39.306
-36.3758
1.5621
39.2959
-35.4022
1.56986
38.3225
-35.3944
3.11532
37.2981
-35.3636
3.13267
36.2892
-35.3763
-3.1303
35.2843
-35.4203
-3.1343
36.3332
-35.4106
-0.0115265
37.3164
-35.4103
0.00413989
38.3308
-35.4068
-0.0138344
39.2911
-35.426
-0.0164433
39.2843
-34.4549
1.58242
39.295
-33.4159
1.56579
39.2875
-32.4248
1.55493
39.3153
-31.4289
1.55784
39.2912
-32.4001
-1.56772
39.2838
-33.417
-1.58381
39.2816
-34.3953
-1.56763
39.2833
-35.4046
-1.56061
39.2663
-34.4219
1.57169
39.2703
-33.44
1.5649
39.305
-32.4144
1.53076
39.323
-31.4463
1.52471
38.31
-31.4077
3.12186
37.3152
-31.4098
3.14157
36.306
-31.3919
-3.13716
35.3124
-31.4232
-3.12746
36.3503
-31.4319
-0.0114339
37.3402
-31.4591
0.00372544
38.3368
-31.4888
0.00528094
39.3388
-31.4848
0.013504
38.3226
-31.489
-3.14126
37.3199
-31.4168
-3.13766
36.2938
-31.42
3.13976
35.3129
-31.4195
3.13991
35.333
-30.4029
1.58255
35.3329
-29.4017
1.56756
35.315
-28.424
1.55757
35.3352
-27.3946
1.55514
36.3618
-27.4325
-0.00580294
37.3437
-27.426
0.00705468
38.3436
-27.4147
0.000505912
39.3288
-27.4308
0.0046731
38.3306
-27.4213
3.12584
37.3654
-27.4046
3.12945
36.3851
-27.3747
3.12294
35.3759
-27.3824
-3.14133
36.368
-27.3899
-0.0287186
37.3575
-27.4045
0.00957316
38.3393
-27.397
0.00137255
39.313
-27.4007
-0.00699318
40.3085
-27.4069
-0.00731232
41.3098
-27.4384
0.0145746
42.2883
-27.4398
-0.0165191
43.296
-27.4099
-0.0168695
43.2613
-26.3971
1.55098
43.2757
-25.3787
1.56173
43.264
-24.4074
1.56492
43.2639
-23.3902
1.56802
42.2673
-23.3862
3.12877
41.2893
-23.3918
3.14146
40.2786
-23.3952
-3.13634
39.2717
-23.3971
-3.12289
40.2733
-23.3702
0.0130822
41.2657
-23.383
0.00840551
42.264
-23.3847
-0.0158546
43.2918
-23.4275
0.0318183
43.2592
-22.3938
1.58701
43.2392
-21.3719
1.57508
43.2188
-20.3651
1.56536
43.2193
-19.3742
1.57439
42.2514
-19.3952
-3.11304
41.2756
-19.428
3.11787
40.2907
-19.4086
3.12883
39.3216
-19.3964
3.13137
40.2997
-19.4336
0.00942484
41.2686
-19.4398
0.0191358
42.2989
-19.4357
0.0248743
43.2851
-19.4152
0.0168776
43.2597
-18.4071
1.6161
43.2331
-17.4257
1.59455
43.2446
-16.411
1.58278
43.2092
-15.4111
1.58021
43.2001
-16.3839
-1.53657
43.2581
-17.3882
-1.55574
43.2626
-18.4174
-1.57262
43.2542
-19.4156
-1.5564
43.2335
-18.4076
1.60272
43.2123
-17.4303
1.57872
43.229
-16.4258
1.55949
43.2317
-15.4254
1.5732
42.2076
-15.4384
3.12782
41.2183
-15.4305
3.1341
40.2327
-15.4028
3.12521
39.2189
-15.3804
-3.13688
40.2316
-15.3934
0.0104306
41.2054
-15.3941
0.00329621
42.2071
-15.3961
0.00504179
43.2232
-15.3883
0.00988127
42.1982
-15.4278
3.1408
41.198
-15.4236
3.13492
40.2144
-15.4273
-3.11972
39.2476
-15.4603
-3.12199
39.2651
-16.4361
-1.55616
39.2682
-17.4137
-1.57774
39.291
-18.3892
-1.58544
39.2811
-19.3995
-1.58893
38.3083
-19.3732
3.13656
37.2802
-19.3821
3.13298
36.2617
-19.3798
-3.1066
35.257
-19.418
-3.08307
36.2789
-19.3723
-0.00282636
37.2709
-19.381
-0.00985791
38.3028
-19.4121
-0.0147489
39.2636
-19.4194
0.0146134
39.267
-20.4127
-1.57599
39.2434
-21.3973
-1.57102
39.2475
-22.4086
-1.5714
39.2481
-23.4152
-1.57252
39.2551
-22.4275
1.56415
39.2939
-21.4302
1.55559
39.2952
-20.3976
1.56841
39.2708
-19.3954
1.55149
38.2769
-19.4074
3.13313
37.2708
-19.3901
3.11399
36.2684
-19.375
3.1219
35.2234
-19.3448
3.11237
36.2082
-19.3916
-0.00470484
37.2108
-19.4114
-0.00785176
38.2633
-19.4035
-0.0174491
39.2662
-19.4003
0.000247805
39.2683
-20.3984
-1.56763
39.2826
-21.4362
-1.59222
39.2595
-22.4018
-1.588
39.234
-23.3986
-1.572
39.2535
-22.4098
1.55818
39.2757
-21.3923
1.55902
39.305
-20.3843
1.54752
39.3129
-19.3728
1.55557
40.2897
-19.3951
-0.000997206
41.2559
-19.4186
-0.00819379
42.2481
-19.4307
0.0162531
43.2577
-19.4149
0.00942932
42.2737
-19.3706
-3.10596
41.2984
-19.3679
-3.13137
40.2758
-19.4034
-3.12866
39.2857
-19.438
-3.12819
39.2671
-20.4012
-1.57347
39.2696
-21.4008
-1.58013
39.2443
-22.3926
-1.58687
39.2217
-23.4035
-1.58559
39.2392
-22.4286
1.57274
39.2418
-21.4281
1.56212
39.2848
-20.3932
1.55629
39.27
-19.3886
1.55993
40.2496
-19.3909
-0.0209489
41.2593
-19.4083
-0.0100161
42.246
-19.4085
0.00412699
43.2528
-19.4148
-0.00905994
42.2535
-19.4156
3.13192
41.2172
-19.4137
3.13307
40.2351
-19.4336
-3.12702
39.2619
-19.5016
-3.1055
40.2779
-19.4931
0.00591931
41.2566
-19.4498
0.0335414
42.2406
-19.4326
0.0247052
43.2444
-19.3669
-0.0120133
43.2494
-18.4135
1.55468
43.2635
-17.4065
1.57338
43.2498
-16.4101
1.5954
43.2236
-15.4189
1.58209
42.2194
-15.4412
3.13455
41.1951
-15.4179
3.1358
40.1956
-15.4093
3.13324
39.1976
-15.4046
3.13888
39.2017
-14.3981
1.58635
39.2206
-13.4045
1.58679
39.1857
-12.4033
1.5964
39.1774
-11.4256
1.62765
39.2682
-12.4384
-1.57519
39.2606
-13.4458
-1.57981
39.2469
-14.433
-1.55586
39.249
-15.4217
-1.56416
40.247
-15.3939
-0.0116769
41.2276
-15.4455
-0.0103449
42.2502
-15.4351
0.00742042
43.2544
-15.3993
-0.0130459
43.2253
-16.4152
-1.57098
43.2316
-17.4024
-1.57326
43.2208
-18.3904
-1.55039
43.237
-19.3791
-1.57986
43.2284
-18.4278
1.57921
43.2138
-17.3944
1.5608
43.2457
-16.4025
1.56703
43.2244
-15.3817
1.57911
42.2072
-15.3845
3.14146
41.2071
-15.4081
-3.12871
40.1719
-15.4167
3.13471
39.2088
-15.4119
3.13962
39.2395
-16.4069
-1.53551
39.3013
-17.3942
-1.56539
39.2942
-18.4044
-1.57714
39.2743
-19.4053
-1.58512
40.2668
-19.3915
-0.0123299
41.2836
-19.4129
-0.00747324
42.2721
-19.4209
0.0104114
43.2556
-19.4381
0.0108042
43.253
-18.4086
1.55331
43.2497
-17.4121
1.58542
43.2136
-16.4276
1.58278
43.1902
-15.4281
1.58165
42.197
-15.4076
-3.13362
41.187
-15.4216
-3.1363
40.1743
-15.4012
3.13851
39.1983
-15.3874
3.13239
39.2297
-14.392
1.5615
39.2003
-13.3825
1.58614
39.1982
-12.3575
1.60889
39.1619
-11.3646
1.6239
39.2116
-12.3653
-1.5511
39.2397
-13.3557
-1.57746
39.2491
-14.3508
-1.57813
39.2591
-15.4015
-1.56473
40.2183
-15.3951
0.000827417
41.2336
-15.405
0.00257289
42.2232
-15.4273
0.0228983
43.2064
-15.4122
0.0181401
43.2175
-16.4357
-1.57757
43.2415
-17.4347
-1.57941
43.2279
-18.4309
-1.57902
43.2204
-19.4182
-1.54379
43.2098
-20.4039
-1.56026
43.2207
-21.3831
-1.5626
43.2252
-22.3903
-1.55932
43.2593
-23.3677
-1.57129
42.2711
-23.3838
-3.12918
41.2543
-23.3744
3.13914
40.2552
-23.3874
-3.13511
39.2474
-23.4057
3.13081
39.2379
-22.4061
1.57414
39.2791
-21.4144
1.5628
39.2799
-20.4071
1.59131
39.2667
-19.4486
1.59015
40.2532
-19.4059
0.000114785
41.2601
-19.3912
0.0260681
42.2388
-19.38
-0.0085178
43.2362
-19.3842
-0.0262843
43.2213
-20.3968
-1.58973
43.2447
-21.3886
-1.58607
43.2445
-22.3819
-1.58199
43.2313
-23.3813
-1.56227
43.2464
-22.3762
1.56269
43.2662
-21.3735
1.56245
43.2579
-20.3835
1.58133
43.2269
-19.3963
1.53462
42.2447
-19.3917
3.134
41.2878
-19.4091
3.13227
40.2574
-19.4123
3.13564
39.2614
-19.4121
3.12534
39.2723
-18.4436
1.60211
39.2505
-17.4213
1.57369
39.2728
-16.4107
1.58086
39.2644
-15.4312
1.58481
39.3075
-16.4468
-1.55496
39.2604
-17.4198
-1.57864
39.2674
-18.4068
-1.58451
39.2506
-19.4312
-1.58007
39.2616
-18.4234
1.55638
39.2418
-17.428
1.56948
39.2857
-16.4309
1.57698
39.2698
-15.4543
1.56717
38.2429
-15.4371
3.12043
37.203
-15.4219
3.10803
36.1557
-15.4082
-3.11844
35.1816
-15.4323
3.13649
35.2187
-14.4486
1.5759
35.2363
-13.4543
1.58744
35.2223
-12.4422
1.58606
35.2228
-11.4402
1.59325
36.1853
-11.4381
0.0123274
37.1751
-11.4447
0.0192738
38.1941
-11.4017
0.0230504
39.2013
-11.3688
0.0246196
38.195
-11.4285
-3.13169
37.2315
-11.4512
-3.13436
36.1834
-11.4527
-3.13512
35.1927
-11.4567
-3.1307
35.1883
-10.4262
1.58917
35.1766
-9.44881
1.61128
35.1233
-8.4419
1.61306
35.0906
-7.45426
1.60233
36.087
-7.42723
0.033478
37.1023
-7.37959
0.0271509
38.072
-7.33654
0.0455755
39.0762
-7.29869
0.0590109
38.06
-7.35134
-3.10418
37.0769
-7.3919
-3.11861
36.0856
-7.40701
-3.11012
35.0965
-7.44643
-3.09329
35.0672
-6.4526
1.60751
35.0101
-5.48272
1.60441
34.9449
-4.48407
1.59518
34.9536
-3.49174
1.62083
33.9597
-3.52207
-3.10325
32.9534
-3.56606
-3.106
31.9463
-3.622
-3.10832
30.9494
-3.65297
-3.10482
31.9706
-3.63834
0.0403585
32.9926
-3.56764
0.0430051
33.9765
-3.5249
0.0145106
34.9668
-3.51881
0.039726
33.9602
-3.56169
-3.10552
32.9353
-3.63059
-3.10369
31.9527
-3.68989
-3.12788
30.9694
-3.6918
-3.12233
31.9514
-3.67751
0.0427826
32.9581
-3.6492
0.0579617
33.9759
-3.56449
0.0595807
34.9658
-3.5289
0.036037
34.8907
-2.53
1.59503
34.867
-1.52089
1.61148
34.841
-0.536142
1.61876
34.7799
0.4122
1.62826
33.827
0.380659
-3.10165
32.8486
0.353154
-3.12519
31.8249
0.313287
-3.08588
30.8243
0.245542
-3.11399
30.7878
1.22253
1.59605
30.7474
2.22008
1.56696
30.7492
3.1798
1.58159
30.7689
4.15988
1.56884
29.7483
4.15797
3.12347
28.7505
4.1644
-3.12675
27.7403
4.13146
-3.10932
26.7476
4.10233
-3.08865
26.6951
5.10621
1.6112
26.6383
6.06003
1.62611
26.5848
7.0865
1.62776
26.5089
8.08337
1.61429
26.5041
9.08363
1.61214
26.4848
10.0868
1.59029
26.452
11.0959
1.59443
26.3995
12.1011
1.60263
27.3917
12.1229
0.0451972
28.3579
12.1693
0.0448237
29.3232
12.2377
0.0429594
30.3324
12.2766
0.0413659
30.4048
11.2358
-1.51172
30.4678
10.2455
-1.519
30.5569
9.24327
-1.54693
30.5948
8.21543
-1.5375
31.6127
8.2776
0.0465567
32.6076
8.30606
0.0529417
33.6015
8.36348
0.0517105
34.5713
8.39414
0.0410982
33.5571
8.32049
-3.10206
32.5581
8.30392
-3.09172
31.5682
8.2535
-3.11014
30.5913
8.23832
-3.09057
30.6107
7.23105
-1.52406
30.6515
6.22311
-1.53952
30.6959
5.22145
-1.54623
30.7089
4.21578
-1.55833
29.736
4.17503
-3.13267
28.7327
4.17574
-3.12416
27.7452
4.15926
-3.09984
26.7497
4.09368
-3.09646
26.711
5.09085
1.62489
26.6401
6.09743
1.635
26.5369
7.09386
1.63794
26.5316
8.09593
1.61372
25.5221
8.04755
-3.08337
24.531
7.98453
-3.10023
23.5233
7.96138
-3.09174
22.5367
7.91367
-3.09156
22.589
6.93073
-1.52307
22.59
5.91545
-1.49154
22.679
4.89664
-1.52198
22.7346
3.91699
-1.52561
23.7405
3.97298
0.0605465
24.7481
4.00399
0.0374764
25.7331
4.04848
0.0437973
26.7263
4.07003
0.0588613
26.7926
3.0624
-1.50428
26.9025
2.01563
-1.53342
26.9715
1.02894
-1.54204
26.9918
0.0572994
-1.52632
25.9924
0.0262697
-3.08297
24.986
-0.0337985
-3.1264
24.0009
-0.0539973
-3.12045
22.9918
-0.0913261
-3.13707
21.9784
-0.0814318
3.12464
20.987
-0.0948575
3.10407
19.9541
-0.0310662
3.13809
19.0168
-0.0337513
-3.11694
19.0054
0.963473
1.5586
19.0551
1.93916
1.55726
19.0611
2.95004
1.57961
19.0546
3.95572
1.56743
18.025
3.95695
3.12637
17.055
3.96546
3.13632
16.0339
3.98396
3.1243
15.0332
3.97997
3.12527
14.9759
2.97707
-1.57182
14.9596
1.99694
-1.52966
15.0386
0.975129
-1.58244
15.0005
-0.0106656
-1.57589
15.0312
0.99903
1.5527
14.9948
1.99853
1.53324
15.0562
2.99114
1.55481
15.0591
3.97493
1.55314
15.0434
2.98886
-1.59238
15.0263
2.0034
-1.57304
14.9722
1.01232
-1.5816
15.0001
0.0127808
-1.58293
15.0472
1.02967
1.56811
15.0638
2.00925
1.5601
15.0434
2.98191
1.54328
15.0679
3.98475
1.55365
14.0603
4.0076
3.11063
13.0676
4.01067
3.11348
12.038
4.01941
-3.13247
11.0532
4.0185
-3.13878
11.0339
3.01087
-1.5714
11.0169
1.99102
-1.55854
11.0155
0.97855
-1.58252
11.0109
-0.0218568
-1.56678
11.0188
0.980337
1.5744
11.038
1.9848
1.57937
11.0517
2.99561
1.58287
11.0411
4.01068
1.58203
10.0473
4.00205
-3.09317
9.04518
3.98338
-3.13495
8.0677
4.00045
-3.12365
7.09094
3.96868
3.13602
7.06776
4.93009
1.55844
7.08073
5.93078
1.55196
7.10654
6.92065
1.58118
7.10491
7.92865
1.5627
6.11168
7.92759
3.12566
5.09696
7.95374
-3.14054
4.12106
7.98225
3.13891
3.12737
7.98865
3.10653
3.09027
6.99047
-1.59031
3.06665
6.00273
-1.56219
3.09521
5.03372
-1.59718
3.0755
4.08086
-1.58179
2.06201
4.056
-3.12784
1.07017
4.04733
-3.13282
0.0479919
4.0353
3.12355
-0.991285
4.06898
3.13011
-0.97244
3.04789
-1.57035
-0.965386
2.01947
-1.56492
-0.977066
1.03347
-1.56003
-1.01233
0.0515543
-1.57405
-0.0186016
0.0366014
-0.00323767
0.975967
0.0148706
-0.015729
1.9871
-0.0288943
0.00316586
3.01352
-0.039018
-0.0184983
4.02995
-0.0317528
-0.0231191
5.03346
-0.0663432
0.00169972
6.0513
-0.0233006
-0.0254711
7.03845
-0.00691085
-0.0203653
7.01307
-1.01122
-1.59048
6.99703
-2.00137
-1.58382
6.97204
-3.01596
-1.57905
6.98898
-4.00395
-1.5533
6.96936
-3.0131
1.58246
6.98655
-2.00558
1.55936
6.96769
-0.990308
1.57568
6.94738
0.0363076
1.58514
6.96085
-0.974519
-1.5514
6.96634
-1.98417
-1.5774
6.95929
-2.97752
-1.58271
6.93535
-3.99223
-1.57119
5.94294
-4.01417
-3.1399
4.98824
-4.01513
-3.11902
3.9856
-4.03689
-3.12519
2.96978
-4.04119
-3.1381
2.98679
-5.00119
-1.58828
2.94828
-6.02919
-1.58733
2.92791
-7.02827
-1.56123
2.95428
-8.00361
-1.56706
2.94674
-7.02391
1.55778
2.97356
-6.02055
1.56121
2.98205
-5.03161
1.58036
2.9524
-4.0602
1.59695
3.94244
-4.00609
0.0229226
4.96536
-3.99279
0.00654317
5.98609
-3.99217
-0.0272078
7.00582
-4.00663
-0.00931662
6.96458
-3.01334
1.55898
6.97938
-2.03789
1.57382
6.98589
-1.03485
1.54852
7.00915
-0.0420174
1.57194
8.00454
-0.0168272
-0.00743758
9.00154
-0.0171169
-0.0032262
10.0008
-0.021824
-0.0218682
11.007
-0.039337
-0.00731819
10.0029
-0.0259159
3.12007
9.01335
-0.0082914
3.12233
8.04403
-0.039022
3.10702
6.98918
0.00379905
3.14032
6.97249
-0.99364
-1.57409
6.98099
-1.99956
-1.55025
7.02754
-2.99486
-1.59599
7.0018
-3.9949
-1.57259
5.99997
-4.03105
3.13099
5.00284
-4.00779
-3.12772
3.98213
-4.02285
-3.13173
2.97627
-4.02102
-3.1334
3.99769
-4.02601
4.12675e-05
4.99289
-4.02331
0.00909977
6.00108
-3.98505
-0.00265274
6.98938
-4.01274
-0.00197833
5.99918
-4.00287
-3.10753
4.98125
-4.01438
-3.1189
3.9909
-4.02716
-3.12866
2.99178
-4.03932
-3.12328
3.99007
-4.02926
0.00446463
5.01429
-4.01386
0.0248782
6.03777
-4.03558
0.0395649
6.99935
-3.95915
-0.0028191
6.0209
-3.97438
3.13791
4.98334
-4.00431
-3.10907
3.972
-4.04101
-3.11943
2.98717
-4.02356
-3.11684
3.00408
-5.0345
-1.58754
2.97867
-6.00922
-1.58041
2.96432
-7.01694
-1.60863
2.93831
-8.03278
-1.60368
1.94437
-8.01601
3.11242
0.928071
-8.02097
3.12176
-0.0733845
-8.01938
3.11855
-1.09372
-8.01664
3.12019
-1.07117
-7.01891
1.54991
-1.02574
-5.99606
1.55513
-0.986824
-5.00949
1.54129
-0.9719
-4.02122
1.5582
-0.968796
-2.99109
1.57642
-0.961063
-2.00069
1.59753
-0.976555
-0.997195
1.59387
-0.966248
0.0269995
1.56984
-0.989798
-0.99564
-1.55813
-0.996116
-1.98086
-1.55758
-0.965008
-2.99317
-1.57847
-0.982714
-4.01426
-1.57477
-0.97182
-3.00591
1.57791
-0.962775
-2.02773
1.61322
-1.01663
-1.01501
1.59409
-1.02164
-0.0342968
1.59717
-0.00822397
-0.00697945
-0.00680378
0.97389
-0.0360417
-0.00654937
1.97021
-0.0124799
-0.0189932
3.01518
-0.0412633
-0.0528119
2.00785
0.00218468
3.09006
1.01308
0.0460215
3.12491
-0.00205008
0.0247232
3.13173
-1.01175
0.0660504
3.11268
-0.0130209
0.0324337
-0.0348584
0.999537
0.0101051
-0.0365425
2.0094
0.00101837
-0.01566
3.01268
-0.0183175
-0.0352334
2.03964
-0.00541695
3.12234
1.0296
0.0222458
-3.13893
-0.00107706
0.00345146
3.13851
-1.00149
-0.0308376
-3.13392
0.00732069
-0.00156016
-0.0111705
1.01253
-0.00970744
-0.00239762
1.97117
-0.00552624
-0.0109291
2.98059
-0.0407788
-0.00294837
3.0119
-1.01452
-1.5937
2.99282
-2.03677
-1.59416
2.97483
-3.03294
-1.5874
2.96858
-4.02765
-1.5738
2.95993
-3.04282
1.5567
2.98981
-2.04903
1.55477
3.01274
-1.04504
1.57736
3.02343
-0.0374758
1.53865
3.01326
-1.02706
-1.57466
2.99768
-2.04571
-1.5878
2.9887
-3.04601
-1.57161
2.97374
-4.03161
-1.56175
3.02092
-3.04191
1.58433
3.01313
-2.02749
1.55442
3.01152
-1.01778
1.55419
3.02019
-0.011949
1.54563
4.02882
-0.0356208
0.00475761
5.04828
-0.0418292
0.0182649
6.05457
-5.21771e-05
0.0232544
7.06967
0.0222106
0.0075483
6.05192
0.0153767
-3.12302
5.03633
-0.0116346
3.13628
4.03503
-0.0141621
-3.13308
3.00834
-0.00590263
-3.13448
4.03488
-0.00332921
0.0158564
5.03708
0.0257304
-0.0150952
6.04271
-0.00661366
0.00776347
7.03636
-0.00481303
-0.040075
6.98738
-1.0079
-1.58841
6.98545
-1.98823
-1.57328
6.96356
-2.99679
-1.5579
6.95926
-3.96146
-1.56322
5.95357
-3.99832
-3.11871
4.94327
-4.00386
-3.10972
3.97851
-4.0299
-3.12781
2.94146
-3.99862
3.12193
2.96267
-3.03736
1.55936
3.00055
-2.03896
1.57244
3.00662
-1.02798
1.57433
3.00874
-0.01305
1.55929
4.01982
-0.0305565
0.00122447
5.06271
-0.0225859
0.0187749
6.05893
-0.00312902
-0.0082586
7.06017
-0.0335951
-0.0100044
6.05453
-0.00213126
-3.13187
5.04864
-0.00970219
-3.12914
4.05596
-0.0135216
-3.13216
3.02101
-0.0348838
-3.13115
3.00107
0.959964
1.57902
3.01177
1.98658
1.54188
3.05029
2.99471
1.55232
3.07578
3.99978
1.58092
4.0898
3.9673
-0.00986437
5.09597
3.96996
-0.0183546
6.09724
3.93604
0.0154044
7.0928
3.96666
-0.0118492
6.07733
3.94197
3.11921
5.10305
3.96643
3.12095
4.11902
3.94748
3.10188
3.06996
4.00843
3.10493
3.03835
2.97412
-1.594
3.01986
1.98524
-1.59757
2.99904
0.996235
-1.58782
3.00367
-0.0174738
-1.57536
2.01211
0.00585417
3.13374
1.02153
-0.00832648
3.13479
0.000495564
0.0485088
3.13328
-0.993889
0.0168998
3.13215
-0.999495
1.04942
1.55624
-0.967844
2.06011
1.56503
-0.971579
3.04857
1.56476
-0.962951
4.03668
1.56727
-1.96614
4.05585
3.11483
-2.98126
4.04165
3.12353
-3.97492
4.05237
3.1189
-4.96916
4.07364
3.12251
-4.97007
5.08017
1.56097
-4.9437
6.06022
1.53264
-4.89262
7.08418
1.55709
-4.87015
8.08051
1.56392
-5.8743
8.09219
3.13027
-6.85112
8.13379
3.12313
-7.80708
8.17982
3.13546
-8.81923
8.15015
3.13238
-8.86376
7.1519
-1.57239
-8.86867
6.16908
-1.57621
-8.8478
5.1631
-1.58228
-8.86712
4.13924
-1.57802
-9.86422
4.14808
-3.14006
-10.8785
4.1751
3.13674
-11.8594
4.18135
3.1332
-12.8715
4.19666
3.13017
-12.8572
3.21082
-1.58946
-12.8742
2.16399
-1.57804
-12.8677
1.16869
-1.58969
-12.898
0.195407
-1.60022
-12.91
-0.822009
-1.62341
-12.9825
-1.82687
-1.60154
-13.0159
-2.83125
-1.59577
-13.0095
-3.83635
-1.583
-12.0286
-3.86379
-0.0144034
-11.0246
-3.86965
-0.0095484
-10.031
-3.86418
-0.0238359
-9.00592
-3.88779
0.00873649
-9.00288
-2.87239
1.56147
-9.00558
-1.85424
1.54736
-9.00369
-0.841752
1.539
-8.97417
0.115587
1.53289
-7.97306
0.110551
-0.0258681
-6.96815
0.114387
-0.0335145
-5.95298
0.0527246
-0.00832091
-4.94624
0.0566952
-0.0253346
-5.98253
0.0877027
3.12181
-6.97038
0.0876063
3.12943
-7.95575
0.098706
3.12418
-8.98648
0.141118
3.13032
-7.98033
0.114338
-0.0072756
-6.97074
0.0989438
-0.000503265
-5.97587
0.0833558
-0.00855336
-4.96406
0.0561434
-0.0147852
-4.98451
-0.920328
-1.59381
-5.00614
-1.92934
-1.55136
-5.02102
-2.94589
-1.56868
-5.01733
-3.95323
-1.60312
-6.01248
-3.91275
3.13236
-6.99209
-3.89081
-3.13477
-8.00851
-3.86423
3.13795
-9.04312
-3.87464
3.12668
-9.04028
-4.88362
-1.58991
-9.06175
-5.84999
-1.60936
-9.09743
-6.86404
-1.5827
-9.09866
-7.83931
-1.57896
-10.0932
-7.84192
3.13726
-11.0864
-7.83426
-3.12769
-12.0808
-7.88032
-3.13046
-13.0952
-7.89012
-3.13137
-13.0853
-8.88458
-1.52858
-13.0709
-9.90467
-1.55326
-13.0485
-10.9195
-1.5324
-13.0511
-11.9166
-1.54809
-14.0588
-11.932
-3.10653
-15.0713
-11.9729
-3.12919
-16.0433
-11.9655
-3.12945
-17.048
-11.9937
-3.11693
-17.0268
-13.0158
-1.53707
-17.0045
-14.0203
-1.52944
-16.9536
-15.0266
-1.55641
-16.9617
-16.0554
-1.56449
-17.9812
-16.0299
-3.13822
-18.9862
-16.0589
3.12922
-19.9882
-16.0209
3.11733
-20.994
-16.0238
3.12029
-20.0148
-16.0298
0.0140249
-19.0122
-16.014
-0.0205591
-17.9928
-16.0437
0.00237544
-16.9756
-16.0561
-0.0132887
-17.9693
-16.0605
3.11364
-18.9961
-16.0224
3.12509
-20.0273
-16.0376
-3.1249
-21.0217
-16.0293
-3.13818
-20.0146
-16.0301
0.00052851
-18.9902
-16.0141
-0.00960121
-17.9997
-16.0423
-0.00718028
-16.9956
-16.0481
-0.0199046
-16.9656
-15.0357
1.57791
-17.0018
-14.0113
1.60308
-17.0273
-12.9977
1.56618
-16.9692
-11.999
1.58999
-16.984
-12.9898
-1.58797
-16.9617
-13.9925
-1.59915
-16.9814
-15.0185
-1.56824
-16.976
-16.0621
-1.58259
-17.9726
-16.0284
3.12903
-18.9909
-16.0226
3.13394
-19.9942
-16.0295
-3.13199
-20.9812
-16.0268
3.13273
-21
-15.0069
1.55523
-20.95
-14.0486
1.59778
-20.9877
-13.0641
1.60874
-21.0354
-12.0731
1.59036
-20.0452
-12.0405
-0.00233837
-19.0674
-12.0446
-0.00362411
-18.0515
-12.0255
0.00176138
-17.0345
-11.9924
0.00535278
-18.0162
-11.9992
-3.11759
-19.0385
-12.0777
-3.1223
-20.0278
-12.1016
-3.13854
-21.0432
-12.1067
-3.12131
-20.0229
-12.0935
0.00495687
-19.0293
-12.077
0.00673854
-18.0392
-12.0589
5.91529e-06
-17.006
-12.0253
0.035715
-18.0117
-12.035
-3.10344
-19.0212
-12.0442
-3.11602
-20.0281
-12.0818
-3.11722
-21.026
-12.0826
-3.11624
-21.0602
-11.0828
1.59019
-21.1087
-10.0839
1.56006
-21.1172
-9.07622
1.59777
-21.1659
-8.1078
1.62517
-22.1514
-8.16947
-3.05169
-23.1155
-8.22557
-3.0923
-24.1072
-8.27522
-3.11833
-25.103
-8.32176
-3.1039
-25.0415
-9.30594
-1.52784
-24.9988
-10.2847
-1.53125
-25.0002
-11.2922
-1.50295
-24.9084
-12.2831
-1.49191
-24.9754
-11.3051
1.63076
-25.0245
-10.3273
1.6077
-25.0607
-9.31109
1.61315
-25.0999
-8.31213
1.6233
-25.0624
-9.3133
-1.51677
-25.0205
-10.2967
-1.5415
-24.9971
-11.2886
-1.52499
-24.9327
-12.2952
-1.51714
-25.9472
-12.3568
-3.0365
-26.9457
-12.4504
-3.0147
-27.9183
-12.6143
-3.04303
-28.9291
-12.7097
-3.03959
-29.0443
-11.7559
1.6954
-29.1441
-10.737
1.71579
-29.3085
-9.75826
1.7025
-29.4262
-8.76129
1.70817
-29.2807
-9.75505
-1.45839
-29.1454
-10.7422
-1.44033
-29.0096
-11.7399
-1.47002
-28.9167
-12.7021
-1.44339
-29.9041
-12.827
-3.00771
-30.865
-12.9409
-3.00684
-31.8671
-13.0801
-3.01641
-32.8892
-13.2024
-2.99946
-31.8857
-13.0514
0.11808
-30.8949
-12.9434
0.114955
-29.8811
-12.8455
0.151599
-28.913
-12.7171
0.126792
-29.9116
-12.8111
-3.00745
-30.8728
-12.9576
-3.02617
-31.8747
-13.0793
-3.01855
-32.9024
-13.2231
-3.00497
-33.0533
-12.2102
1.69221
-33.1749
-11.247
1.69492
-33.2906
-10.266
1.71891
-33.4386
-9.29521
1.73154
-34.4141
-9.44556
-3.01119
-35.43
-9.57781
-3.02657
-36.3976
-9.6739
-3.01558
-37.3836
-9.81295
-3.00287
-37.2354
-10.8347
-1.42739
-37.1405
-11.8253
-1.43067
-36.9843
-12.8066
-1.4312
-36.802
-13.7869
-1.45185
-37.8463
-13.9095
-2.98165
-38.8024
-14.0487
-2.99522
-39.8058
-14.2065
-3.00475
-40.8138
-14.3643
-3.01063
-40.9678
-13.3604
1.69348
-41.0742
-12.331
1.71749
-41.2378
-11.3591
1.71955
-41.3856
-10.3652
1.70456
-41.2546
-11.3639
-1.44054
-41.1098
-12.3152
-1.43938
-40.9579
-13.3398
-1.4265
-40.8435
-14.3395
-1.42702
-40.9918
-13.3529
1.70789
-41.1021
-12.3608
1.71279
-41.2322
-11.3637
1.696
-41.3909
-10.3798
1.68728
-40.3847
-10.2167
0.122748
-39.4133
-10.0909
0.140172
-38.4329
-9.93518
0.163779
-37.4557
-9.77711
0.141353
-38.4128
-9.9123
-2.98936
-39.4379
-10.0473
-2.98669
-40.4116
-10.2199
-2.975
-41.3758
-10.3839
-2.99718
-41.5019
-9.41382
1.70119
-41.65
-8.42464
1.69207
-41.7952
-7.41846
1.67651
-41.9275
-6.4458
1.71369
-41.7829
-7.43315
-1.45229
-41.661
-8.40032
-1.44609
-41.4972
-9.37788
-1.43475
-41.3683
-10.3511
-1.43464
-41.5088
-9.38207
1.70292
-41.6398
-8.4101
1.69803
-41.8037
-7.41417
1.69945
-41.9176
-6.44414
1.69268
-42.8969
-6.55281
-2.99364
-43.8698
-6.6924
-2.99472
-44.887
-6.82241
-3.01296
-45.8602
-6.96742
-3.01039
-45.9807
-6.0074
1.69568
-46.1018
-4.9951
1.71964
-46.2541
-4.01131
1.72857
-46.4586
-3.04168
1.7398
-46.2826
-4.01178
-1.39809
-46.1206
-4.9992
-1.41496
-46.0321
-6.00023
-1.42304
-45.8795
-7.00012
-1.4277
-44.8744
-6.84499
0.134902
-43.8775
-6.70234
0.146288
-42.9033
-6.54005
0.149883
-41.9206
-6.40765
0.161166
-40.9359
-6.25262
0.154771
-39.9501
-6.09921
0.125393
-38.9753
-5.95249
0.128114
-37.9839
-5.82624
0.154736
-37.8356
-6.80901
-1.42691
-37.6834
-7.79228
-1.45479
-37.586
-8.7835
-1.42529
-37.414
-9.76596
-1.42581
-38.4386
-9.93978
-2.9956
-39.4099
-10.0864
-3.00984
-40.3928
-10.2113
-2.99891
-41.3943
-10.369
-3.01057
-41.25
-11.3336
-1.43653
-41.0734
-12.3602
-1.42494
-40.9492
-13.3521
-1.44161
-40.8373
-14.3377
-1.42651
-41.7945
-14.4674
-2.98977
-42.786
-14.5951
-3.02645
-43.7641
-14.7133
-3.01402
-44.7498
-14.8201
-3.0279
-44.6113
-15.8051
-1.44685
-44.5051
-16.7965
-1.43328
-44.3913
-17.8107
-1.44048
-44.2506
-18.7575
-1.46668
-43.2391
-18.6588
0.139568
-42.2548
-18.5273
0.131427
-41.2394
-18.413
0.126775
-40.2481
-18.28
0.109782
-40.3519
-17.2674
1.72153
-40.495
-16.2973
1.70776
-40.6641
-15.2975
1.69514
-40.7893
-14.3227
1.70221
-41.7884
-14.4693
-3.0173
-42.7647
-14.5934
-3.00246
-43.7652
-14.6702
-3.00494
-44.7632
-14.8018
-2.97835
-44.9481
-13.8074
1.76008
-45.114
-12.8734
1.73305
-45.2535
-11.9006
1.69372
-45.3359
-10.8969
1.70463
-44.3563
-10.7723
0.134435
-43.3646
-10.6461
0.138677
-42.3502
-10.5201
0.140046
-41.394
-10.3911
0.13036
-42.3771
-10.5235
-3.00388
-43.3883
-10.6419
-2.99978
-44.3761
-10.7561
-3.00583
-45.3888
-10.893
-3.01163
-45.5138
-9.92638
1.66665
-45.6298
-8.92854
1.66827
-45.7666
-7.93587
1.68167
-45.8604
-6.95071
1.67666
-45.7247
-7.92725
-1.45398
-45.623
-8.91996
-1.43158
-45.4921
-9.91777
-1.42298
-45.3693
-10.9112
-1.44894
-45.4874
-9.90411
1.67984
-45.6099
-8.92146
1.68377
-45.7273
-7.92449
1.70433
-45.862
-6.94579
1.69285
-45.9694
-5.95491
1.70002
-46.1572
-4.9635
1.69556
-46.2801
-4.01956
1.73637
-46.4611
-3.03267
1.73436
-45.4594
-2.8738
0.166783
-44.4609
-2.67261
0.143801
-43.4548
-2.5535
0.120418
-42.439
-2.42697
0.15628
-42.5784
-1.41592
1.72577
-42.7228
-0.450551
1.71827
-42.8987
0.57114
1.7211
-43.0616
1.54622
1.71721
-42.0481
1.6594
0.146273
-41.0504
1.83441
0.147494
-40.0702
1.98111
0.131026
-39.0923
2.12104
0.144968
-38.1059
2.27217
0.142314
-37.0906
2.40824
0.14841
-36.1565
2.56144
0.148029
-35.1676
2.68679
0.143995
-34.995
1.70483
-1.41569
-34.8454
0.712173
-1.41859
-34.7317
-0.297921
-1.42714
-34.5515
-1.31621
-1.43509
-35.5809
-1.43932
-3.00946
-36.5988
-1.57829
-3.00943
-37.5872
-1.70919
-2.99524
-38.5587
-1.85334
-2.99411
-38.6924
-0.850516
1.69687
-38.8204
0.16618
1.69321
-38.9624
1.14462
1.7022
-39.0835
2.11311
1.70497
-38.9357
1.14247
-1.4351
-38.8104
0.148524
-1.43491
-38.6929
-0.873117
-1.42985
-38.5456
-1.85323
-1.45235
-38.4459
-2.83966
-1.44415
-38.3
-3.87224
-1.42323
-38.1216
-4.86435
-1.42964
-37.9828
-5.837
-1.42596
-38.9563
-5.97824
-2.99614
-39.9505
-6.1142
-2.99859
-40.933
-6.26729
-2.98
-41.9106
-6.41834
-3.02394
-42.0056
-5.40505
1.70178
-42.1642
-4.39884
1.68962
-42.2741
-3.39936
1.68483
-42.4145
-2.4208
1.7193
-43.4364
-2.56443
-2.99106
-44.4428
-2.70525
-2.98168
-45.4449
-2.86363
-2.95708
-46.4278
-3.03775
-2.97276
-46.2746
-4.00074
-1.42433
-46.1273
-5.00132
-1.43585
-45.9592
-5.95477
-1.44923
-45.8817
-6.96467
-1.43237
-44.893
-6.85353
0.147639
-43.9149
-6.67539
0.129106
-42.9106
-6.56679
0.117751
-41.9156
-6.44534
0.130052
-42.9145
-6.55426
-3.0079
-43.8941
-6.6902
-2.99552
-44.8925
-6.8465
-2.99788
-45.9206
-6.96743
-3.0043
-44.9144
-6.82469
0.128092
-43.8981
-6.70787
0.140592
-42.9108
-6.5705
0.143368
-41.9198
-6.42598
0.149341
-42.913
-6.6229
-3.01017
-43.899
-6.69089
-3.01406
-44.8835
-6.82733
-3.00233
-45.8809
-6.96244
-3.01714
-44.8529
-6.85409
0.154468
-43.8769
-6.69333
0.130949
-42.9008
-6.54952
0.136338
-41.913
-6.39779
0.133571
-41.7619
-7.39918
-1.43588
-41.6467
-8.396
-1.41929
-41.5373
-9.39441
-1.43044
-41.3917
-10.3653
-1.44092
-42.3799
-10.504
-2.99615
-43.3827
-10.633
-3.01476
-44.3574
-10.7556
-3.0115
-45.3871
-10.9022
-3.00597
-45.5089
-9.91254
1.69332
-45.6371
-8.94657
1.68467
-45.7602
-7.95075
1.67976
-45.8642
-6.93639
1.69989
-45.7529
-7.93402
-1.44508
-45.6421
-8.92106
-1.43276
-45.5047
-9.92492
-1.43853
-45.3656
-10.9137
-1.43996
-44.3524
-10.7961
0.141928
-43.3772
-10.6476
0.137811
-42.3858
-10.5067
0.139139
-41.395
-10.3853
0.146524
-41.5484
-9.39818
1.6973
-41.6529
-8.40267
1.70149
-41.7717
-7.42046
1.71195
-41.9122
-6.42323
1.73231
-40.9259
-6.25477
0.16391
-39.9805
-6.05725
0.115186
-38.968
-5.97177
0.143618
-37.9727
-5.84248
0.128371
-38.1494
-4.83049
1.69989
-38.286
-3.84832
1.7186
-38.4211
-2.84838
1.70972
-38.559
-1.85792
1.70367
-37.5804
-1.72234
0.139157
-36.5859
-1.58755
0.141157
-35.6099
-1.44324
0.113633
-34.5936
-1.31477
0.13579
-35.6107
-1.43904
-3.00451
-36.6137
-1.56302
-3.0003
-37.5981
-1.67831
-2.98996
-38.5694
-1.83067
-2.99701
-38.4285
-2.86553
-1.43173
-38.299
-3.85528
-1.42577
-38.1422
-4.85071
-1.43452
-38.0024
-5.84829
-1.45066
-38.9667
-5.96176
-3.00137
-39.9616
-6.12252
-2.98423
-40.9463
-6.2586
-2.98196
-41.9548
-6.42947
-2.98029
-41.7964
-7.4257
-1.42721
-41.6658
-8.41723
-1.43846
-41.5222
-9.36232
-1.41965
-41.3735
-10.3721
-1.40723
-40.3841
-10.2348
0.151176
-39.4036
-10.0836
0.176118
-38.4018
-9.91218
0.121856
-37.403
-9.78471
0.140703
-37.291
-10.7776
-1.42038
-37.1227
-11.8056
-1.41667
-36.9906
-12.7893
-1.41902
-36.8814
-13.7819
-1.41265
-37.8567
-13.9189
-3.00536
-38.8388
-14.0529
-3.00947
-39.8354
-14.1766
-3.01209
-40.8476
-14.3145
-2.99816
-40.7289
-15.3383
-1.43687
-40.5525
-16.2996
-1.44308
-40.3889
-17.2842
-1.43145
-40.2203
-18.2722
-1.44952
-39.2263
-18.1388
0.0993396
-38.2423
-18.0134
0.119264
-37.2875
-17.8598
0.14785
-36.315
-17.7271
0.144583
-36.4463
-16.7296
1.7071
-36.5979
-15.7635
1.72635
-36.7315
-14.7344
1.73037
-36.8375
-13.7773
1.74187
-36.6891
-14.7716
-1.44557
-36.5913
-15.7563
-1.42075
-36.4416
-16.7483
-1.41866
-36.2942
-17.7362
-1.40728
-35.308
-17.5985
0.16466
-34.325
-17.4339
0.134683
-33.3404
-17.2891
0.127835
-32.361
-17.1609
0.128643
-32.4887
-16.1976
1.69258
-32.5947
-15.2031
1.70219
-32.7457
-14.2201
1.70775
-32.8853
-13.2198
1.71107
-33.0271
-12.25
1.6964
-33.1676
-11.2433
1.69435
-33.2521
-10.2676
1.73677
-33.4504
-9.26543
1.72845
-33.2937
-10.2467
-1.42698
-33.1594
-11.2343
-1.43436
-33.0243
-12.2392
-1.42786
-32.8867
-13.2124
-1.45116
-33.8726
-13.3535
-3.00901
-34.87
-13.4795
-2.96965
-35.8708
-13.5979
-2.97884
-36.864
-13.7932
-2.98291
-37.8722
-13.9162
-2.99936
-38.8441
-14.0744
-2.9984
-39.8303
-14.1915
-3.03215
-40.8244
-14.337
-2.98396
-40.967
-13.3478
1.72214
-41.1161
-12.3541
1.69457
-41.2272
-11.3676
1.71116
-41.3823
-10.3957
1.72753
-42.3733
-10.5402
-3.00059
-43.3735
-10.6522
-2.993
-44.3932
-10.8104
-3.00139
-45.3539
-10.9159
-2.99688
-44.3607
-10.7921
0.142146
-43.3734
-10.6484
0.140528
-42.3715
-10.5572
0.152842
-41.3663
-10.3776
0.166931
-41.2068
-11.3753
-1.42305
-41.0738
-12.329
-1.43399
-40.9615
-13.3455
-1.4507
-40.8157
-14.3468
-1.44169
-41.7998
-14.4546
-3.02313
-42.7908
-14.5762
-3.01762
-43.7637
-14.7318
-3.03713
-44.7544
-14.8128
-3.02026
-44.6345
-15.7959
-1.45291
-44.5189
-16.8029
-1.43471
-44.3393
-17.8086
-1.468
-44.2555
-18.77
-1.44586
-44.3893
-17.7871
1.70946
-44.5172
-16.8042
1.68653
-44.622
-15.819
1.68368
-44.7563
-14.8425
1.69792
-44.6387
-15.7989
-1.43822
-44.5149
-16.7917
-1.44738
-44.3985
-17.7791
-1.44278
-44.2557
-18.7705
-1.43935
-44.1089
-19.74
-1.44349
-43.9874
-20.7331
-1.44452
-43.8922
-21.7406
-1.45991
-43.7335
-22.7052
-1.44056
-43.8443
-21.7152
1.70613
-43.9911
-20.7426
1.67639
-44.1154
-19.7343
1.69202
-44.2462
-18.7737
1.69801
-44.118
-19.7478
-1.43318
-43.9788
-20.72
-1.46934
-43.8539
-21.7443
-1.44715
-43.7331
-22.7328
-1.43741
-42.7401
-22.5684
0.151149
-41.7911
-22.4192
0.140602
-40.7799
-22.3038
0.146724
-39.765
-22.1625
0.147718
-38.7755
-22.0646
0.142292
-37.7912
-21.9331
0.146049
-36.8216
-21.8292
0.15503
-35.8361
-21.662
0.14022
-35.7192
-22.6438
-1.44197
-35.5843
-23.6544
-1.43418
-35.4534
-24.6407
-1.43562
-35.3174
-25.6382
-1.43844
-34.3201
-25.5012
0.136743
-33.328
-25.4036
0.128314
-32.3548
-25.2233
0.120115
-31.3756
-25.0493
0.128516
-31.4774
-24.0697
1.69101
-31.5989
-23.1061
1.69973
-31.7261
-22.1098
1.70981
-31.8421
-21.1316
1.69183
-30.864
-21.0038
0.135416
-29.858
-20.884
0.139716
-28.8615
-20.6889
0.119305
-27.8645
-20.5905
0.129294
-27.7468
-21.6029
-1.45584
-27.6265
-22.5979
-1.46871
-27.5163
-23.5682
-1.42794
-27.3888
-24.5341
-1.44164
-28.3911
-24.6708
-3.02561
-29.376
-24.7873
-2.99758
-30.3625
-24.9278
-2.99289
-31.3524
-25.0818
-3.00952
-31.1955
-26.0616
-1.45214
-31.0791
-27.068
-1.43298
-30.9453
-28.0471
-1.40284
-30.7586
-29.0339
-1.41021
-30.9139
-28.0494
1.7013
-31.0612
-27.0621
1.69358
-31.2022
-26.0718
1.68201
-31.3186
-25.0718
1.68897
-32.3386
-25.2038
-3.01831
-33.336
-25.3717
-3.01284
-34.3295
-25.5144
-3.00913
-35.3267
-25.6459
-3.00439
-35.1822
-26.6448
-1.43735
-35.0566
-27.6355
-1.42762
-34.919
-28.6283
-1.40007
-34.7191
-29.646
-1.41061
-35.6654
-29.7848
-2.97965
-36.6272
-29.9544
-2.99779
-37.5844
-30.0864
-3.01797
-38.5988
-30.1946
-3.01235
-38.4802
-31.1719
-1.45084
-38.3395
-32.1922
-1.45567
-38.2213
-33.1555
-1.46551
-38.1155
-34.1501
-1.46019
-37.1246
-34.0281
0.124613
-36.1457
-33.93
0.129208
-35.1518
-33.7859
0.0960617
-34.1515
-33.6942
0.0828668
-35.1379
-33.7666
-3.04402
-36.1467
-33.903
-3.00918
-37.1284
-34.0333
-3.01801
-38.1155
-34.1548
-3.03182
-37.9748
-35.167
-1.45812
-37.8951
-36.1438
-1.49345
-37.824
-37.1603
-1.50394
-37.7612
-38.1835
-1.52645
-36.7575
-38.1297
0.0577064
-35.7222
-38.0551
0.0327053
-34.7532
-38.0176
0.0312683
-33.7553
-37.9823
0.0378043
-33.7243
-38.9526
-1.51492
-33.6884
-39.9371
-1.50991
-33.6156
-40.9583
-1.49138
-33.5465
-41.9353
-1.48942
-32.5402
-41.8514
0.0631568
-31.5597
-41.7779
0.101357
-30.5574
-41.6434
0.100864
-29.5749
-41.5611
0.0766961
-29.4783
-42.5303
-1.50361
-29.3945
-43.5064
-1.50414
-29.2869
-44.526
-1.50123
-29.2
-45.5171
-1.49533
-29.2849
-44.542
1.65978
-29.3716
-43.5385
1.6839
-29.4684
-42.5484
1.66371
-29.5703
-41.5427
1.65626
-28.5859
-41.4879
0.0646226
-27.5781
-41.4108
0.0669941
-26.5635
-41.3569
0.0875664
-25.5703
-41.2973
0.0607613
-26.5581
-41.3761
-3.09041
-27.5657
-41.4223
-3.0597
-28.5659
-41.4864
-3.06366
-29.5723
-41.5634
-3.0646
-29.4947
-42.5474
-1.47361
-29.3916
-43.5421
-1.47593
-29.2883
-44.5414
-1.48092
-29.1815
-45.5553
-1.48528
-29.3006
-44.5476
1.66238
-29.4008
-43.5314
1.6533
-29.4968
-42.542
1.66248
-29.5851
-41.5605
1.6476
-28.5792
-41.5069
0.0872737
-27.5868
-41.4377
0.0859007
-26.567
-41.3157
0.0790618
-25.5646
-41.2622
0.0665031
-26.5799
-41.3439
-3.06643
-27.5864
-41.4292
-3.06558
-28.5588
-41.5071
-3.06646
-29.5747
-41.5879
-3.07136
-29.6592
-40.5874
1.67012
-29.7846
-39.5843
1.6684
-29.8825
-38.578
1.68476
-29.9875
-37.5963
1.64839
-29.9037
-38.5614
-1.48401
-29.79
-39.5765
-1.49591
-29.6789
-40.5619
-1.48736
-29.5723
-41.5479
-1.47903
-29.6534
-40.5582
1.6448
-29.7801
-39.5826
1.6437
-29.839
-38.6212
1.67186
-29.981
-37.6044
1.66431
-28.957
-37.5147
0.0895696
-27.9491
-37.4353
0.105253
-26.9501
-37.361
0.0676304
-25.9483
-37.287
0.0810479
-25.8627
-38.2815
-1.50239
-25.8258
-39.2658
-1.5155
-25.8047
-40.2686
-1.53643
-25.77
-41.2562
-1.54729
-25.7804
-40.2494
1.63899
-25.8552
-39.2354
1.63726
-25.8621
-38.2694
1.64349
-25.9566
-37.2699
1.65594
-25.8725
-38.2902
-1.49764
-25.7781
-39.3038
-1.48551
-25.7119
-40.2952
-1.46046
-25.6057
-41.2922
-1.48348
-26.5786
-41.3508
-3.05358
-27.5757
-41.4396
-3.08293
-28.5612
-41.5019
-3.07334
-29.5732
-41.5513
-3.06422
-29.4972
-42.5458
-1.47965
-29.4149
-43.5553
-1.47613
-29.3009
-44.5481
-1.46242
-29.2137
-45.5765
-1.47929
-30.1939
-45.6609
-3.04814
-31.2136
-45.7493
-3.05507
-32.2013
-45.853
-3.06258
-33.2124
-45.9127
-3.05743
-33.3092
-44.9292
1.63693
-33.3823
-43.9274
1.63939
-33.4623
-42.9362
1.61754
-33.5463
-41.913
1.625
-34.5172
-41.9636
-3.06264
-35.5292
-42.0595
-3.05301
-36.5544
-42.1379
-3.06688
-37.5596
-42.1929
-3.0949
-37.6007
-41.1942
1.61521
-37.6411
-40.1902
1.63101
-37.6909
-39.156
1.61361
-37.7469
-38.1789
1.65079
