1.98495e-17
9.22134e-18
4.44089e-16
1.03039
0.0113498
-0.0129577
2.04345
-0.060422
-0.0261827
3.07055
-0.094779
-0.0213499
3.09247
0.89933
1.53911
3.1226
1.90503
1.52935
3.15406
2.94218
1.53245
3.18346
3.91318
1.53102
3.14309
2.90309
-1.59527
3.11714
1.90877
-1.5976
3.12316
0.902812
-1.57891
3.13244
-0.0666463
-1.60465
3.13886
0.938435
1.5526
3.13666
1.93716
1.53525
3.15955
2.89066
1.5299
3.19144
3.89342
1.5344
4.22263
3.89227
2.04725e-05
5.21082
3.91052
0.0267475
6.17129
3.96404
0.0197163
7.16726
4.00114
0.0187011
7.14624
2.99377
-1.51689
7.2007
2.00612
-1.55379
7.21737
0.999113
-1.55804
7.22781
-0.00871686
-1.56421
7.20577
0.974653
1.58421
7.17806
1.97127
1.58326
7.15774
2.98562
1.595
7.14826
3.98431
1.58344
6.17163
3.92184
-3.13138
5.14505
3.93093
3.09374
4.1379
3.96125
3.05963
3.15365
4.03297
3.08999
3.1997
5.00449
1.5245
3.24168
6.04477
1.55529
3.24476
7.03407
1.52564
3.26462
8.02872
1.52877
2.2734
8.05815
3.13896
1.27279
8.04806
-3.13307
0.238919
8.02287
3.1303
-0.762942
8.02583
3.11309
-0.84275
7.04119
-1.58429
-0.889264
6.05225
-1.57598
-0.865137
5.04464
-1.54728
-0.856341
4.05339
-1.5714
-0.839953
3.06718
-1.5652
-0.87021
2.06338
-1.56762
-0.864024
1.05862
-1.57793
-0.899637
0.0570413
-1.56418
-0.892542
1.00053
1.54949
-0.881617
2.01164
1.54217
-0.878316
3.02117
1.52625
-0.844557
4.06673
1.53007
0.14588
4.01268
-0.0297249
1.18373
3.98783
-0.0338248
2.17426
3.96119
-0.0572622
3.19109
3.88479
-0.0415019
3.15607
2.903
-1.60214
3.11926
1.86411
-1.62395
3.05861
0.881192
-1.63707
3.00619
-0.129111
-1.63406
2.00128
-0.086925
3.09999
1.0127
-0.0430947
3.10497
0.0358414
0.00398044
3.1243
-0.968084
0.0569833
3.11005
-0.919122
1.05312
1.55886
-0.883427
2.09339
1.54884
-0.866762
3.0872
1.53334
-0.809256
4.038
1.53968
-0.823952
3.06242
-1.58905
-0.877294
2.06484
-1.56237
-0.86606
1.03508
-1.54737
-0.829972
-0.000875021
-1.549
-1.82363
-0.0265165
-3.13383
-2.79321
-0.00344253
3.11671
-3.77887
0.00994449
3.11504
-4.75957
0.0419555
3.13771
-4.75512
-0.93991
-1.58092
-4.73218
-1.95418
-1.64584
-4.79943
-2.97998
-1.61183
-4.83356
-3.96697
-1.59145
-5.8176
-3.92766
3.13833
-6.83609
-3.93466
3.13097
-7.83286
-3.89633
3.12442
-8.84006
-3.87756
3.10883
-8.8592
-4.90758
-1.63045
-8.9021
-5.8886
-1.62892
-8.95279
-6.87747
-1.62154
-8.98585
-7.86635
-1.59462
-7.94989
-7.88852
-0.0455302
-6.94612
-7.94831
-0.0330742
-5.93675
-7.98602
-0.00648898
-4.90435
-7.9886
-0.0201187
-4.8908
-6.99573
1.54386
-4.91224
-6.00905
1.5308
-4.86025
-5.02036
1.54402
-4.79454
-3.98955
1.53242
-5.83339
-3.9594
3.10287
-6.86441
-3.90523
3.1127
-7.85114
-3.91503
3.10136
-8.88131
-3.84851
3.08462
-7.8895
-3.894
-0.0679369
-6.85806
-3.93105
-0.0456205
-5.85142
-3.95104
-0.0429132
-4.83894
-3.96237
-0.039525
-5.83848
-3.93268
3.11447
-6.83361
-3.91691
3.11714
-7.80349
-3.89235
3.11831
-8.81705
-3.89165
-3.13655
-8.79797
-2.86027
1.58982
-8.82826
-1.85994
1.61039
-8.85658
-0.854726
1.62736
-8.90971
0.136745
1.63531
-8.88503
-0.84647
-1.5278
-8.84645
-1.8572
-1.53543
-8.81732
-2.88696
-1.54607
-8.80673
-3.90634
-1.55979
-7.82158
-3.90072
-0.0150086
-6.81953
-3.94302
-0.0179116
-5.8426
-3.96281
-0.0384861
-4.8463
-3.99286
-0.0314862
-5.85012
-3.99198
3.12497
-6.86047
-3.94187
3.13525
-7.85358
-3.90216
3.11285
-8.87607
-3.90836
3.1275
-8.88148
-4.85957
-1.59609
-8.89064
-5.86469
-1.60966
-8.95025
-6.88951
-1.60156
-8.94713
-7.85427
-1.61546
-7.93379
-7.86261
-0.0236756
-6.92856
-7.89458
-0.0330175
-5.92316
-7.9484
-0.0390736
-4.91732
-7.96909
-0.0439496
-4.92575
-8.98833
-1.62178
-4.9902
-9.99638
-1.61655
-5.04815
-11.0015
-1.60987
-5.0656
-11.9966
-1.6025
-5.01487
-10.9728
1.55074
-4.98471
-9.975
1.53687
-4.93705
-8.97288
1.5474
-4.91528
-7.94675
1.52255
-4.96916
-8.94544
-1.60249
-4.97949
-9.96919
-1.61767
-5.01823
-10.993
-1.59307
-5.02977
-12.0016
-1.59319
-4.98996
-10.9803
1.54901
-5.01121
-9.99602
1.52051
-4.95975
-9.00467
1.5301
-4.92187
-7.98321
1.51079
-3.90427
-8.03407
-0.0269798
-2.90713
-8.0022
0.00227203
-1.90849
-8.00267
-0.0110223
-0.930483
-7.97875
0.00762376
-0.930441
-6.95303
1.59534
-0.957566
-5.97467
1.55132
-0.911055
-4.99696
1.5609
-0.895822
-4.04403
1.57453
-0.899573
-5.02881
-1.53679
-0.895193
-6.0407
-1.54198
-0.873203
-7.0416
-1.57475
-0.906936
-8.03994
-1.56923
-0.906361
-7.01972
1.597
-0.925282
-6.03816
1.57557
-0.91935
-5.00511
1.58296
-0.938938
-4.03595
1.60709
-0.909255
-5.01874
-1.55015
-0.871133
-6.02498
-1.56734
-0.906748
-6.98176
-1.58448
-0.903687
-8.01604
-1.57917
-1.91533
-8.03014
3.11754
-2.9149
-8.00951
3.13768
-3.89539
-8.00014
3.12577
-4.90843
-7.97533
3.11071
-4.88254
-6.98409
1.54773
-4.86143
-5.98934
1.5591
-4.86166
-5.00951
1.53231
-4.8534
-3.98969
1.5421
-4.86809
-5.01445
-1.61027
-4.89433
-6.00315
-1.59896
-4.88178
-6.98031
-1.60392
-4.90862
-7.96628
-1.61007
-4.96131
-8.98419
-1.60072
-4.98287
-9.97461
-1.59878
-5.00127
-10.9593
-1.58649
-5.02677
-11.9711
-1.6043
-6.01784
-11.9563
3.09113
-7.0328
-11.9007
3.08048
-8.02808
-11.8532
3.08879
-9.03753
-11.8111
3.10085
-8.99794
-10.8212
1.53756
-8.97345
-9.82928
1.52706
-8.936
-8.81612
1.52745
-8.90951
-7.83421
1.52461
-9.89005
-7.7428
3.13535
-10.8735
-7.7906
3.13853
-11.8767
-7.79701
3.1169
-12.891
-7.77676
3.14155
-12.8951
-8.75402
-1.57705
-12.9216
-9.76219
-1.57935
-12.9103
-10.7517
-1.57175
-12.9209
-11.7705
-1.56904
-13.9165
-11.7568
-3.1391
-14.8914
-11.7929
-3.13663
-15.8925
-11.8006
-3.13224
-16.8704
-11.8059
-3.123
-16.8771
-12.8321
-1.55227
-16.8493
-13.7977
-1.54795
-16.8422
-14.8035
-1.51053
-16.7985
-15.8149
-1.51969
-16.8125
-14.813
1.60044
-16.8424
-13.7973
1.60386
-16.8621
-12.8209
1.57734
-16.8728
-11.8084
1.5791
-15.8698
-11.7978
0.0104292
-14.9166
-11.7962
-0.00251099
-13.905
-11.7832
0.0487295
-12.9145
-11.7767
0.0386807
-12.9117
-10.7897
1.5933
-12.9085
-9.76214
1.56093
-12.9352
-8.76308
1.54018
-12.8993
-7.75872
1.55651
-12.9278
-8.74727
-1.55019
-12.9232
-9.76114
-1.55116
-12.8925
-10.7669
-1.56298
-12.9084
-11.7778
-1.55581
-12.9
-10.7982
1.58296
-12.8701
-9.78707
1.57824
-12.8892
-8.75655
1.58224
-12.8704
-7.7831
1.57891
-11.8595
-7.76991
-0.0152758
-10.9216
-7.77233
-0.00997751
-9.93455
-7.80728
-0.00159718
-8.95086
-7.81882
-0.0249511
-8.95337
-8.80537
-1.61916
-8.96295
-9.81451
-1.59456
-9.00311
-10.8125
-1.61171
-9.03704
-11.8335
-1.59992
-8.03817
-11.8603
-0.0349151
-7.02535
-11.9021
-0.043168
-6.04006
-11.9342
-0.0599405
-5.0472
-12.0107
-0.0422697
-6.04807
-11.9688
3.08377
-7.02256
-11.9314
3.08718
-8.02751
-11.8742
3.10161
-9.06295
-11.8209
3.09051
-9.08676
-12.7823
-1.60009
-9.145
-13.7412
-1.57649
-9.16175
-14.7451
-1.57726
-9.17524
-15.7333
-1.58463
-9.1884
-16.7439
-1.60175
-9.17789
-17.7428
-1.58528
-9.15781
-18.7362
-1.57351
-9.16847
-19.7601
-1.56724
-9.16693
-18.7539
1.58264
-9.16358
-17.7317
1.57752
-9.16343
-16.7459
1.57269
-9.16482
-15.742
1.57953
-9.1708
-16.7541
-1.53448
-9.15766
-17.7413
-1.56315
-9.15455
-18.7538
-1.5457
-9.14273
-19.7361
-1.56575
-9.15671
-18.739
1.54707
-9.16562
-17.7352
1.5507
-9.15914
-16.7548
1.58073
-9.16497
-15.755
1.55715
-8.17388
-15.7525
-0.00735802
-7.14869
-15.7519
-0.00699148
-6.15341
-15.7608
-0.00811887
-5.17161
-15.7373
-0.0109758
-5.14629
-16.7413
-1.59679
-5.18867
-17.7181
-1.60806
-5.22913
-18.7487
-1.55879
-5.22616
-19.7449
-1.56528
-4.20965
-19.7122
0.0152991
-3.17541
-19.6987
0.0337175
-2.19425
-19.6791
0.0147784
-1.20709
-19.6961
0.0234686
-1.23507
-18.6383
1.59372
-1.23281
-17.6452
1.59114
-1.26614
-16.6446
1.59129
-1.29444
-15.6427
1.58387
-0.320947
-15.6312
0.000378525
0.666255
-15.6537
0.00139533
1.65232
-15.6752
-0.00915055
2.6471
-15.6627
-0.0391187
1.63067
-15.618
3.12853
0.64679
-15.5868
3.12573
-0.317248
-15.6119
-3.14104
-1.30735
-15.6525
-3.10047
-1.28065
-16.6323
-1.54731
-1.24598
-17.6382
-1.54256
-1.23139
-18.6335
-1.54557
-1.22056
-19.5987
-1.51774
-2.2085
-19.6521
-3.1112
-3.22655
-19.6953
-3.10021
-4.21159
-19.7398
-3.11355
-5.21719
-19.7347
-3.14069
-5.23888
-20.7388
-1.5319
-5.20351
-21.7425
-1.53412
-5.20014
-22.7063
-1.56436
-5.1978
-23.7086
-1.58499
-6.19267
-23.6735
-3.12814
-7.18883
-23.671
-3.12488
-8.18169
-23.6964
-3.11553
-9.16814
-23.7173
-3.12203
-9.19781
-22.7401
1.54857
-9.17388
-21.7528
1.5733
-9.18416
-20.7625
1.5654
-9.15651
-19.775
1.55495
-10.1561
-19.7461
3.10619
-11.1511
-19.7247
3.13687
-12.1494
-19.7422
-3.12795
-13.1722
-19.7598
3.12691
-13.1739
-20.7735
-1.58946
-13.1653
-21.7633
-1.58138
-13.1785
-22.7373
-1.59523
-13.2241
-23.7641
-1.58555
-14.2111
-23.7259
3.13272
-15.2198
-23.7162
-3.1251
-16.2092
-23.7289
3.13066
-17.2505
-23.7499
3.10722
-17.2149
-22.7347
1.52289
-17.199
-21.7478
1.51515
-17.1279
-20.7479
1.50974
-17.0676
-19.781
1.50187
-18.0831
-19.7054
3.05867
-19.0729
-19.6304
3.06682
-20.1123
-19.5304
3.07028
-21.0792
-19.4421
3.06568
-20.0667
-19.5542
-0.068045
-19.0664
-19.6374
-0.071067
-18.0934
-19.7192
-0.0607949
-17.1113
-19.7743
-0.0557772
-17.1389
-20.7468
-1.60951
-17.1637
-21.7715
-1.61704
-17.217
-22.7739
-1.58904
-17.2072
-23.7882
-1.57009
-16.1835
-23.7491
0.016042
-15.2042
-23.7104
0.00461517
-14.2181
-23.7026
-0.0131022
-13.2064
-23.7356
-0.020534
-13.2062
-22.7506
1.56398
-13.1884
-21.7441
1.57571
-13.1938
-20.7449
1.5758
-13.1957
-19.7321
1.56564
-12.1746
-19.7465
0.0182727
-11.1725
-19.7245
0.0044976
-10.1665
-19.7289
0.00367257
-9.15216
-19.7187
0.0154281
-9.19613
-18.7517
1.58025
-9.20227
-17.7607
1.55866
-9.20373
-16.7412
1.54921
-9.15926
-15.7562
1.54722
-9.17722
-16.7619
-1.57738
-9.17085
-17.7622
-1.57161
-9.16538
-18.7443
-1.57068
-9.14971
-19.7603
-1.58032
-9.14107
-18.7566
1.58082
-9.17597
-17.7363
1.56837
-9.17306
-16.7152
1.56261
-9.15884
-15.7179
1.57092
-9.18052
-16.751
-1.58531
-9.17819
-17.7229
-1.5993
-9.15861
-18.7474
-1.5903
-9.16167
-19.7565
-1.59615
-9.15475
-18.7615
1.55021
-9.15597
-17.7507
1.58319
-9.16115
-16.778
1.57036
-9.17551
-15.7644
1.57001
-10.1663
-15.7621
3.13073
-11.1692
-15.736
-3.13187
-12.1888
-15.7453
3.13738
-13.1387
-15.7161
3.12828
-13.1802
-16.7161
-1.57908
-13.1799
-17.7457
-1.58476
-13.1915
-18.7537
-1.56285
-13.1747
-19.7517
-1.58114
-14.1712
-19.7447
3.13999
-15.126
-19.7446
3.1346
-16.0938
-19.7858
3.11718
-17.1065
-19.7733
3.11974
-17.1202
-20.7682
-1.61655
-17.1592
-21.7641
-1.61356
-17.2272
-22.7623
-1.60363
-17.2207
-23.7491
-1.56604
-16.1989
-23.7179
0.00777495
-15.2177
-23.7243
0.0190787
-14.2188
-23.705
0.00722772
-13.2281
-23.6886
-0.0228983
-13.183
-22.719
1.5538
-13.1651
-21.7155
1.55238
-13.1705
-20.7137
1.56304
-13.1722
-19.7275
1.56796
-12.1515
-19.7586
0.00905741
-11.1485
-19.7363
-0.0153837
-10.1492
-19.7749
-0.0103187
-9.14813
-19.7534
0.00799773
-9.18722
-20.7548
-1.58066
-9.22663
-21.7413
-1.54812
-9.22049
-22.7308
-1.55851
-9.18101
-23.7227
-1.55289
-10.1898
-23.7423
-3.12145
-11.2086
-23.7474
-3.1411
-12.2122
-23.7804
3.11842
-13.2172
-23.7397
3.1245
-12.1982
-23.7774
0.00423346
-11.1877
-23.7715
0.00903104
-10.1891
-23.7578
-0.00294557
-9.20083
-23.7248
0.0244536
-9.17049
-24.7057
-1.54725
-9.13044
-25.6896
-1.56859
-9.14876
-26.6949
-1.55797
-9.14782
-27.6719
-1.57965
-8.15569
-27.6944
-0.0341012
-7.15409
-27.7498
-0.0530541
-6.18202
-27.8067
-0.0606614
-5.16386
-27.8864
-0.0504755
-6.1627
-27.8312
3.07978
-7.13701
-27.7371
3.10439
-8.14922
-27.6941
3.0915
-9.15788
-27.6469
3.10385
-9.17325
-28.6834
-1.6086
-9.2429
-29.6567
-1.60231
-9.25023
-30.6087
-1.57905
-9.30964
-31.6147
-1.58142
-9.31126
-32.5942
-1.58925
-9.28253
-33.5773
-1.62074
-9.33702
-34.5523
-1.63092
-9.40941
-35.5505
-1.63714
-8.37244
-35.6177
-0.0680404
-7.39145
-35.6941
-0.0540032
-6.36487
-35.7434
-0.077874
-5.39917
-35.8176
-0.0813527
-5.46083
-36.7811
-1.69181
-5.55013
-37.7782
-1.65234
-5.62836
-38.7669
-1.67806
-5.74741
-39.7629
-1.70047
-6.76152
-39.5978
2.99877
-7.72881
-39.4816
3.03969
-8.75046
-39.4007
3.02619
-9.71736
-39.3117
3.02535
-9.83808
-40.3022
-1.68275
-9.95336
-41.2898
-1.68641
-10.0467
-42.281
-1.7
-10.1667
-43.2857
-1.68445
-10.0807
-42.3022
1.46178
-9.97371
-41.2985
1.42233
-9.84401
-40.2869
1.44577
-9.71316
-39.2905
1.44149
-8.74137
-39.4167
-0.132844
-7.72584
-39.5516
-0.0908374
-6.73931
-39.6171
-0.123447
-5.73976
-39.7616
-0.101171
-6.7422
-39.6142
3.05042
-7.73731
-39.5098
3.02453
-8.73803
-39.3985
3.04295
-9.72237
-39.2832
3.02795
-8.7309
-39.4441
-0.120231
-7.74084
-39.5474
-0.0956302
-6.75191
-39.6365
-0.106667
-5.74171
-39.7467
-0.0941777
-6.75242
-39.6374
3.02817
-7.73906
-39.5125
3.04498
-8.75098
-39.3976
3.0486
-9.75007
-39.3021
3.02661
-9.86322
-40.2796
-1.68156
-10.0012
-41.2436
-1.67056
-10.0696
-42.2696
-1.66864
-10.1768
-43.2764
-1.67809
-11.1773
-43.1772
3.04304
-12.2043
-43.0787
3.03249
-13.1671
-42.9985
2.99543
-14.1579
-42.833
3.00839
-13.1937
-42.9591
-0.119931
-12.1925
-43.0698
-0.104496
-11.1906
-43.2033
-0.0969602
-10.1824
-43.2945
-0.106455
-11.1925
-43.1664
3.02196
-12.1862
-43.0745
3.00015
-13.2034
-42.9633
3.00452
-14.1861
-42.8502
3.0109
-13.1803
-42.9927
-0.110431
-12.2043
-43.101
-0.0936793
-11.2224
-43.1909
-0.105567
-10.1937
-43.3292
-0.0984491
-10.0626
-42.3122
1.44981
-9.93215
-41.2649
1.46179
-9.84816
-40.2917
1.4513
-9.71682
-39.2871
1.44862
-8.74722
-39.3926
-0.127288
-7.74609
-39.5102
-0.120553
-6.72886
-39.6333
-0.111822
-5.73598
-39.7534
-0.0966955
-5.88234
-40.7491
-1.64602
-5.95057
-41.7551
-1.6742
-6.04653
-42.7284
-1.6861
-6.14025
-43.7043
-1.64807
-6.05482
-42.7082
1.48878
-5.9508
-41.7344
1.46639
-5.84005
-40.7504
1.45248
-5.68629
-39.779
1.43112
-5.8047
-40.7707
-1.70544
-5.94665
-41.7515
-1.67818
-6.03872
-42.7301
-1.66818
-6.11754
-43.7387
-1.6556
-6.03257
-42.7385
1.47375
-5.95562
-41.772
1.47659
-5.86859
-40.7494
1.47929
-5.7481
-39.7618
1.45398
-4.76566
-39.863
-0.0922674
-3.77134
-39.9633
-0.110421
-2.7659
-40.0764
-0.086057
-1.74725
-40.1536
-0.0925763
-1.87389
-41.1611
-1.67771
-1.97069
-42.1551
-1.65686
-2.0664
-43.1662
-1.66875
-2.14118
-44.1698
-1.67075
-2.02405
-43.1899
1.4652
-1.90473
-42.2363
1.47241
-1.83376
-41.2104
1.47447
-1.77026
-40.1635
1.46319
-2.75449
-40.0307
3.04122
-3.75333
-39.969
3.04371
-4.75127
-39.856
3.02687
-5.7425
-39.7467
3.03326
-4.75903
-39.8967
-0.0867583
-3.78539
-39.9746
-0.0919743
-2.74368
-40.0568
-0.0705466
-1.74283
-40.1493
-0.0811459
-2.75544
-40.0517
3.07522
-3.75081
-39.9888
3.04574
-4.74322
-39.8799
3.01205
-5.75948
-39.7706
3.0372
-5.80968
-40.7538
-1.69012
-5.92126
-41.7665
-1.68804
-6.03426
-42.7427
-1.67748
-6.14192
-43.7353
-1.66811
-6.0619
-42.7433
1.46242
-5.95111
-41.7455
1.45247
-5.84871
-40.7807
1.46273
-5.71654
-39.7678
1.45404
-5.87428
-40.7555
-1.67996
-5.96046
-41.7438
-1.65414
-6.00907
-42.7433
-1.65381
-6.10459
-43.77
-1.63962
-5.13247
-43.803
-0.0827493
-4.12677
-43.9041
-0.0988667
-3.16159
-44.0767
-0.0938705
-2.14454
-44.1858
-0.109906
-2.03868
-43.1479
1.4712
-1.92504
-42.1719
1.49234
-1.87382
-41.1645
1.48955
-1.77914
-40.1443
1.48834
-2.76354
-40.0588
3.0374
-3.73102
-39.977
3.04041
-4.70579
-39.8528
3.03058
-5.74397
-39.7549
3.0306
-4.76345
-39.8376
-0.125943
-3.76719
-39.9744
-0.109613
-2.75083
-40.072
-0.0935325
-1.76244
-40.1601
-0.104709
-1.64905
-39.1742
1.45762
-1.5806
-38.2318
1.48179
-1.49647
-37.187
1.45764
-1.36578
-36.2191
1.46925
-1.25632
-35.2441
1.45578
-1.17719
-34.2368
1.46517
-1.10268
-33.2429
1.45128
-0.995349
-32.2339
1.46509
-1.08516
-33.2376
-1.67055
-1.18261
-34.2209
-1.66438
-1.26693
-35.2382
-1.63464
-1.38093
-36.2414
-1.62345
-0.343986
-36.3025
-0.124111
0.654859
-36.4643
-0.0952515
1.6376
-36.5423
-0.0920457
2.65014
-36.6418
-0.0716589
2.72545
-35.6496
1.50099
2.78186
-34.6305
1.49309
2.88365
-33.6613
1.47581
2.95839
-32.6607
1.48047
1.95926
-32.5628
3.04112
1.00552
-32.4683
3.04773
0.0235671
-32.4193
3.03143
-0.975779
-32.2907
3.03212
-1.09678
-33.2585
-1.68546
-1.15691
-34.2573
-1.68063
-1.24809
-35.2271
-1.66359
-1.33376
-36.2579
-1.69648
-2.33557
-36.12
3.01618
-3.34712
-35.9898
3.02959
-4.37651
-35.8961
3.06413
-5.36871
-35.8244
3.07056
-5.29666
-34.819
1.4624
-5.22355
-33.837
1.46087
-5.09512
-32.8429
1.47505
-4.99344
-31.8381
1.45682
-4.01375
-31.9291
-0.121304
-2.98641
-32.0335
-0.136414
-1.98351
-32.153
-0.119325
-0.98457
-32.2335
-0.12884
-1.09047
-33.2058
-1.65865
-1.20654
-34.209
-1.64536
-1.29274
-35.223
-1.64885
-1.3776
-36.2209
-1.67728
-0.370983
-36.2978
-0.115883
0.633602
-36.4495
-0.101021
1.61166
-36.5441
-0.0734139
2.61659
-36.6182
-0.103535
2.71178
-35.6128
1.47826
2.79996
-34.6114
1.48361
2.87963
-33.6172
1.48254
2.97457
-32.6403
1.48901
2.90275
-33.637
-1.67295
2.78943
-34.6215
-1.64748
2.71325
-35.6252
-1.64007
2.66039
-36.6309
-1.63041
2.71368
-35.6201
1.49959
2.7984
-34.6147
1.47342
2.90646
-33.6428
1.48562
2.98444
-32.6893
1.48161
3.95891
-32.7419
-0.0565985
4.97349
-32.7756
-0.0806528
6.01213
-32.8364
-0.0900784
7.00688
-32.9635
-0.081437
6.00474
-32.8603
3.0784
4.96963
-32.7842
3.07534
3.95256
-32.7218
3.09802
2.96235
-32.6585
3.06254
2.86004
-33.6435
-1.66655
2.79291
-34.6549
-1.65383
2.69276
-35.6351
-1.64441
2.63362
-36.6598
-1.64062
3.63639
-36.6876
-0.0853871
4.61588
-36.8018
-0.0806779
5.61348
-36.8905
-0.0611813
6.56605
-36.9496
-0.0851837
5.60213
-36.8794
3.04857
4.61862
-36.8012
3.04044
3.63052
-36.6877
3.0553
2.63149
-36.5963
3.06771
2.70878
-35.623
1.50495
2.78208
-34.6223
1.51545
2.84062
-33.5907
1.51813
2.92434
-32.6263
1.50575
2.86976
-33.6572
-1.65445
2.75919
-34.6655
-1.65533
2.69337
-35.6252
-1.65777
2.60832
-36.6219
-1.66361
3.62162
-36.7323
-0.0779788
4.61573
-36.8366
-0.066074
5.63518
-36.8974
-0.0664778
6.63686
-36.9225
-0.112839
6.75411
-35.859
1.46231
6.85615
-34.9031
1.46672
6.91461
-33.8928
1.44692
7.04733
-32.9479
1.49312
6.94494
-33.9531
-1.6381
6.83625
-34.9338
-1.65835
6.73603
-35.9139
-1.6808
6.64234
-36.9002
-1.66269
7.66429
-37.0065
-0.112322
8.64791
-37.1158
-0.136313
9.63084
-37.2423
-0.109225
10.5694
-37.3569
-0.109936
10.468
-38.3561
-1.72033
10.3161
-39.3736
-1.70482
10.1501
-40.356
-1.69968
10.0178
-41.327
-1.72743
10.1725
-40.3648
1.42945
10.2951
-39.356
1.4371
