-6.31895e-18
-4.97684e-18
0
1.03039
0.0113498
-0.0129577
2.04345
-0.060422
-0.0261827
3.07055
-0.094779
-0.0213499
3.09247
0.89933
1.5391
3.1226
1.90503
1.52933
3.15407
2.94218
1.53244
3.18347
3.91318
1.53101
3.14308
2.90309
-1.59523
3.11714
1.90876
-1.59759
3.12317
0.902811
-1.57891
3.13245
-0.0666451
-1.60465
3.13887
0.938439
1.5526
3.13667
1.93717
1.53527
3.15955
2.89067
1.52993
3.19142
3.89345
1.5345
4.22258
3.89245
0.000242159
5.21074
3.91097
0.0270364
6.17117
3.96482
0.0200189
7.16709
4.00227
0.0189665
7.14633
2.9949
-1.51661
7.20105
2.00728
-1.5535
7.21799
1.00027
-1.55773
7.22872
-0.00755712
-1.5639
7.20636
0.975807
1.58449
7.17835
1.97242
1.58345
7.15779
2.98677
1.59523
7.14808
3.98546
1.58367
6.17143
3.92281
-3.13116
5.1448
3.9317
3.09398
4.1376
3.9618
3.05992
3.15329
4.03327
3.09035
3.19895
5.00484
1.5249
3.24049
6.04518
1.55569
3.24313
7.03453
1.526
3.2626
8.02923
1.52907
2.27133
8.0584
3.13924
1.27069
8.04807
-3.13278
0.236802
8.02262
3.13064
-0.765091
8.02528
3.11353
-0.844469
7.04065
-1.58377
-0.89055
6.05168
-1.57552
-0.86603
5.04408
-1.54674
-0.85677
4.05281
-1.57068
-0.839536
3.06641
-1.56464
-0.868982
2.06231
-1.56738
-0.862401
1.0574
-1.57766
-0.897608
0.0556594
-1.56388
-0.890979
0.999318
1.54978
-0.880555
2.01063
1.54247
-0.877763
3.02036
1.52656
-0.844485
4.06618
1.53043
0.14601
4.01263
-0.0295515
1.18388
3.98807
-0.0338888
2.1744
3.96144
-0.0575979
3.19115
3.88476
-0.0416097
3.15606
2.903
-1.60216
3.11926
1.86411
-1.62396
3.05862
0.881199
-1.63709
3.00621
-0.129094
-1.6341
2.00132
-0.0868451
3.09995
1.01274
-0.0429421
3.10495
0.0358802
0.0041838
3.12435
-0.968061
0.057178
3.1102
-0.919201
1.05335
1.55913
-0.883736
2.09373
1.54919
-0.867365
3.08753
1.53375
-0.810197
4.03834
1.54015
-0.824367
3.0627
-1.58857
-0.877388
2.06518
-1.56201
-0.865806
1.03532
-1.54701
-0.829348
-0.000725415
-1.54865
-1.82309
-0.0267221
-3.13347
-2.79277
-0.00399008
3.11706
-3.77853
0.00904834
3.1154
-4.75934
0.0407143
3.13807
-4.75454
-0.941244
-1.58056
-4.73124
-1.95561
-1.64548
-4.79813
-2.98153
-1.61148
-4.84665
-3.98313
-1.60197
-5.82463
-3.94241
-3.14093
-6.83736
-3.96229
3.14026
-7.83165
-3.92906
3.12051
-8.8409
-3.91368
3.09903
-8.8664
-4.9467
-1.62916
-8.90426
-5.93096
-1.62039
-8.9427
-6.9234
-1.60966
