   12000        0 -22.6996    -2000        0        0        0        0        0        0        0        0        0        0        0        0        0        0        0        0        0        0        0        0        0        0        0        0        0        0        0        0        0        0        0        0        0        0        0        0        0        0        0        0        0        0        0        0        0        0        0
       0    12000  2060.78        0    -2000        0        0        0        0        0        0        0        0        0        0        0        0        0        0        0        0        0        0        0        0        0        0        0        0        0        0        0        0        0        0        0        0        0        0        0        0        0        0        0        0        0        0        0        0        0        0
-22.6996  2060.78  14123.7  22.6996 -2060.78    -2000        0        0        0        0        0        0        0        0        0        0        0        0        0        0        0        0        0        0        0        0        0        0        0        0        0        0        0        0        0        0        0        0        0        0        0        0        0        0        0        0        0        0        0        0        0
   -2000        0  22.6996     4000        0  143.544    -2000        0        0        0        0        0        0        0        0        0        0        0        0        0        0        0        0        0        0        0        0        0        0        0        0        0        0        0        0        0        0        0        0        0        0        0        0        0        0        0        0        0        0        0        0
       0    -2000 -2060.78        0     4000  2026.11        0    -2000        0        0        0        0        0        0        0        0        0        0        0        0        0        0        0        0        0        0        0        0        0        0        0        0        0        0        0        0        0        0        0        0        0        0        0        0        0        0        0        0        0        0        0
       0        0    -2000  143.544  2026.11  6062.86 -143.544 -2026.11    -2000        0        0        0        0        0        0        0        0        0        0        0        0        0        0        0        0        0        0        0        0        0        0        0        0        0        0        0        0        0        0        0        0        0        0        0        0        0        0        0        0        0        0
       0        0        0    -2000        0 -143.544     4000        0   68.714    -2000        0        0        0        0        0        0        0        0        0        0        0        0        0        0        0        0        0        0        0        0        0        0        0        0        0        0        0        0        0        0        0        0        0        0        0        0        0        0        0        0        0
       0        0        0        0    -2000 -2026.11        0     4000  2054.21        0    -2000        0        0        0        0        0        0        0        0        0        0        0        0        0        0        0        0        0        0        0        0        0        0        0        0        0        0        0        0        0        0        0        0        0        0        0        0        0        0        0        0
       0        0        0        0        0    -2000   68.714  2054.21  6112.24  -68.714 -2054.21    -2000        0        0        0        0        0        0        0        0        0        0        0        0        0        0        0        0        0        0        0        0        0        0        0        0        0        0        0        0        0        0        0        0        0        0        0        0        0        0        0
       0        0        0        0        0        0    -2000        0  -68.714     6000        0  -3983.4    -2000        0        0        0        0        0        0        0        0        0        0        0        0        0        0        0        0        0    -2000        0        0        0        0        0        0        0        0        0        0        0        0        0        0        0        0        0        0        0        0
       0        0        0        0        0        0        0    -2000 -2054.21        0     6000  149.081        0    -2000        0        0        0        0        0        0        0        0        0        0        0        0        0        0        0        0        0    -2000        0        0        0        0        0        0        0        0        0        0        0        0        0        0        0        0        0        0        0
       0        0        0        0        0        0        0        0    -2000  -3983.4  149.081  9973.33  1985.78 -44.9483    -2000        0        0        0        0        0        0        0        0        0        0        0        0        0        0        0  1997.62 -104.132    -2000        0        0        0        0        0        0        0        0        0        0        0        0        0        0        0        0        0        0
       0        0        0        0        0        0        0        0        0    -2000        0  1985.78     4000        0 -2008.99    -2000        0        0        0        0        0        0        0        0        0        0        0        0        0        0        0        0        0        0        0        0        0        0        0        0        0        0        0        0        0        0        0        0        0        0        0
       0        0        0        0        0        0        0        0        0        0    -2000 -44.9483        0     4000  62.7474        0    -2000        0        0        0        0        0        0        0        0        0        0        0        0        0        0        0        0        0        0        0        0        0        0        0        0        0        0        0        0        0        0        0        0        0        0
       0        0        0        0        0        0        0        0        0        0        0    -2000 -2008.99  62.7474  6019.99  2008.99 -62.7474    -2000        0        0        0        0        0        0        0        0        0        0        0        0        0        0        0        0        0        0        0        0        0        0        0        0        0        0        0        0        0        0        0        0        0
       0        0        0        0        0        0        0        0        0        0        0        0    -2000        0  2008.99     6000        0 -2094.09    -2000        0        0        0        0        0        0        0        0    -2000        0        0        0        0        0        0        0        0        0        0        0        0        0        0        0        0        0        0        0        0        0        0        0
       0        0        0        0        0        0        0        0        0        0        0        0        0    -2000 -62.7474        0     6000  37.1507        0    -2000        0        0        0        0        0        0        0        0    -2000        0        0        0        0        0        0        0        0        0        0        0        0        0        0        0        0        0        0        0        0        0        0
       0        0        0        0        0        0        0        0        0        0        0        0        0        0    -2000 -2094.09  37.1507  8156.93  2076.13 -54.0266    -2000        0        0        0        0        0        0   17.959  16.8759    -2000        0        0        0        0        0        0        0        0        0        0        0        0        0        0        0        0        0        0        0        0        0
       0        0        0        0        0        0        0        0        0        0        0        0        0        0        0    -2000        0  2076.13     4000        0 -1943.99    -2000        0        0        0        0        0        0        0        0        0        0        0        0        0        0        0        0        0        0        0        0        0        0        0        0        0        0        0        0        0
       0        0        0        0        0        0        0        0        0        0        0        0        0        0        0        0    -2000 -54.0266        0     4000  47.5378        0    -2000        0        0        0        0        0        0        0        0        0        0        0        0        0        0        0        0        0        0        0        0        0        0        0        0        0        0        0        0
       0        0        0        0        0        0        0        0        0        0        0        0        0        0        0        0        0    -2000 -1943.99  47.5378  5890.67  1943.99 -47.5378    -2000        0        0        0        0        0        0        0        0        0        0        0        0        0        0        0        0        0        0        0        0        0        0        0        0        0        0        0
       0        0        0        0        0        0        0        0        0        0        0        0        0        0        0        0        0        0    -2000        0  1943.99     6000        0  2048.76    -2000        0        0        0        0        0        0        0        0        0        0        0        0        0        0        0        0        0        0        0        0    -2000        0        0        0        0        0
       0        0        0        0        0        0        0        0        0        0        0        0        0        0        0        0        0        0        0    -2000 -47.5378        0     6000 -78.0013        0    -2000        0        0        0        0        0        0        0        0        0        0        0        0        0        0        0        0        0        0        0        0    -2000        0        0        0        0
       0        0        0        0        0        0        0        0        0        0        0        0        0        0        0        0        0        0        0        0    -2000  2048.76 -78.0013  8024.08  -2009.5  91.3959    -2000        0        0        0        0        0        0        0        0        0        0        0        0        0        0        0        0        0        0 -39.2635 -13.3947    -2000        0        0        0
       0        0        0        0        0        0        0        0        0        0        0        0        0        0        0        0        0        0        0        0        0    -2000        0  -2009.5     6000        0  2029.22    -2000        0        0        0        0        0        0        0        0        0        0        0        0        0        0    -2000        0        0        0        0        0        0        0        0
       0        0        0        0        0        0        0        0        0        0        0        0        0        0        0        0        0        0        0        0        0        0    -2000  91.3959        0     6000  13.3234        0    -2000        0        0        0        0        0        0        0        0        0        0        0        0        0        0    -2000        0        0        0        0        0        0        0
       0        0        0        0        0        0        0        0        0        0        0        0        0        0        0        0        0        0        0        0        0        0        0    -2000  2029.22  13.3234   7987.2 -1992.66  27.0444    -2000        0        0        0        0        0        0        0        0        0        0        0        0  -36.555 -40.3677    -2000        0        0        0        0        0        0
       0        0        0        0        0        0        0        0        0        0        0        0        0        0        0    -2000        0   17.959        0        0        0        0        0        0    -2000        0 -1992.66     6000        0   2015.1    -2000        0        0        0        0        0        0        0        0        0        0        0        0        0        0        0        0        0        0        0        0
       0        0        0        0        0        0        0        0        0        0        0        0        0        0        0        0    -2000  16.8759        0        0        0        0        0        0        0    -2000  27.0444        0     6000  13.3125        0    -2000        0        0        0        0        0        0        0        0        0        0        0        0        0        0        0        0        0        0        0
       0        0        0        0        0        0        0        0        0        0        0        0        0        0        0        0        0    -2000        0        0        0        0        0        0        0        0    -2000   2015.1  13.3125   8030.4  -2015.1 -13.3125    -2000        0        0        0        0        0        0        0        0        0        0        0        0        0        0        0        0        0        0
       0        0        0        0        0        0        0        0        0    -2000        0  1997.62        0        0        0        0        0        0        0        0        0        0        0        0        0        0        0    -2000        0  -2015.1     6000        0   1940.1    -2000        0        0        0        0        0        0        0        0        0        0        0        0        0        0        0        0        0
       0        0        0        0        0        0        0        0        0        0    -2000 -104.132        0        0        0        0        0        0        0        0        0        0        0        0        0        0        0        0    -2000 -13.3125        0     6000  16.5546        0    -2000        0        0        0        0        0        0        0        0        0        0        0        0        0        0        0        0
       0        0        0        0        0        0        0        0        0        0        0    -2000        0        0        0        0        0        0        0        0        0        0        0        0        0        0        0        0        0    -2000   1940.1  16.5546  7882.12  -1940.1 -16.5546    -2000        0        0        0        0        0        0        0        0        0        0        0        0        0        0        0
       0        0        0        0        0        0        0        0        0        0        0        0        0        0        0        0        0        0        0        0        0        0        0        0        0        0        0        0        0        0    -2000        0  -1940.1     4000        0 -2009.13    -2000        0        0        0        0        0        0        0        0        0        0        0        0        0        0
       0        0        0        0        0        0        0        0        0        0        0        0        0        0        0        0        0        0        0        0        0        0        0        0        0        0        0        0        0        0        0    -2000 -16.5546        0     4000  5.82963        0    -2000        0        0        0        0        0        0        0        0        0        0        0        0        0
       0        0        0        0        0        0        0        0        0        0        0        0        0        0        0        0        0        0        0        0        0        0        0        0        0        0        0        0        0        0        0        0    -2000 -2009.13  5.82963  6018.32  2009.13 -5.82963    -2000        0        0        0        0        0        0        0        0        0        0        0        0
       0        0        0        0        0        0        0        0        0        0        0        0        0        0        0        0        0        0        0        0        0        0        0        0        0        0        0        0        0        0        0        0        0    -2000        0  2009.13     4000        0 -1996.39    -2000        0        0        0        0        0        0        0        0        0        0        0
       0        0        0        0        0        0        0        0        0        0        0        0        0        0        0        0        0        0        0        0        0        0        0        0        0        0        0        0        0        0        0        0        0        0    -2000 -5.82963        0     4000 -10.9171        0    -2000        0        0        0        0        0        0        0        0        0        0
       0        0        0        0        0        0        0        0        0        0        0        0        0        0        0        0        0        0        0        0        0        0        0        0        0        0        0        0        0        0        0        0        0        0        0    -2000 -1996.39 -10.9171  5992.85  1996.39  10.9171    -2000        0        0        0        0        0        0        0        0        0
       0        0        0        0        0        0        0        0        0        0        0        0        0        0        0        0        0        0        0        0        0        0        0        0        0        0        0        0        0        0        0        0        0        0        0        0    -2000        0  1996.39     4000        0 -1905.78    -2000        0        0        0        0        0        0        0        0
       0        0        0        0        0        0        0        0        0        0        0        0        0        0        0        0        0        0        0        0        0        0        0        0        0        0        0        0        0        0        0        0        0        0        0        0        0    -2000  10.9171        0     4000  42.6325        0    -2000        0        0        0        0        0        0        0
       0        0        0        0        0        0        0        0        0        0        0        0        0        0        0        0        0        0        0        0        0        0        0        0        0        0        0        0        0        0        0        0        0        0        0        0        0        0    -2000 -1905.78  42.6325  5816.91  1905.78 -42.6325    -2000        0        0        0        0        0        0
       0        0        0        0        0        0        0        0        0        0        0        0        0        0        0        0        0        0        0        0        0        0        0        0    -2000        0  -36.555        0        0        0        0        0        0        0        0        0        0        0        0    -2000        0  1905.78     6000        0 -2006.79    -2000        0        0        0        0        0
       0        0        0        0        0        0        0        0        0        0        0        0        0        0        0        0        0        0        0        0        0        0        0        0        0    -2000 -40.3677        0        0        0        0        0        0        0        0        0        0        0        0        0    -2000 -42.6325        0     6000  64.4228        0    -2000        0        0        0        0
       0        0        0        0        0        0        0        0        0        0        0        0        0        0        0        0        0        0        0        0        0        0        0        0        0        0    -2000        0        0        0        0        0        0        0        0        0        0        0        0        0        0    -2000 -2006.79  64.4228  8015.68  2006.79 -64.4228    -2000        0        0        0
       0        0        0        0        0        0        0        0        0        0        0        0        0        0        0        0        0        0        0        0        0    -2000        0 -39.2635        0        0        0        0        0        0        0        0        0        0        0        0        0        0        0        0        0        0    -2000        0  2006.79     6000        0  5.21077    -2000        0        0
       0        0        0        0        0        0        0        0        0        0        0        0        0        0        0        0        0        0        0        0        0        0    -2000 -13.3947        0        0        0        0        0        0        0        0        0        0        0        0        0        0        0        0        0        0        0    -2000 -64.4228        0     6000  2052.76        0    -2000        0
       0        0        0        0        0        0        0        0        0        0        0        0        0        0        0        0        0        0        0        0        0        0        0    -2000        0        0        0        0        0        0        0        0        0        0        0        0        0        0        0        0        0        0        0        0    -2000  5.21077  2052.76  8106.93 -5.21077 -2052.76    -2000
       0        0        0        0        0        0        0        0        0        0        0        0        0        0        0        0        0        0        0        0        0        0        0        0        0        0        0        0        0        0        0        0        0        0        0        0        0        0        0        0        0        0        0        0        0    -2000        0 -5.21077     2000        0        0
       0        0        0        0        0        0        0        0        0        0        0        0        0        0        0        0        0        0        0        0        0        0        0        0        0        0        0        0        0        0        0        0        0        0        0        0        0        0        0        0        0        0        0        0        0        0    -2000 -2052.76        0     2000        0
       0        0        0        0        0        0        0        0        0        0        0        0        0        0        0        0        0        0        0        0        0        0        0        0        0        0        0        0        0        0        0        0        0        0        0        0        0        0        0        0        0        0        0        0        0        0        0    -2000        0        0     2000